idx	label	predict	radius	correct	time
0	0	15	0.114	0	0:05:25.540518
1	0	19	0.114	0	0:05:14.826376
2	0	13	0.0259	0	0:05:50.193131
3	0	14	0.0114	0	0:04:54.882559
4	0	7	0.101	0	0:05:12.490148
5	0	19	0.0803	0	0:08:03.659240
6	1	15	0.114	0	0:04:58.130825
7	1	19	0.114	0	0:04:49.379668
8	1	13	0.0328	0	0:05:19.811746
9	1	1	0.114	1	0:04:31.346890
10	1	9	0.0535	0	0:05:02.844452
11	1	19	0.0669	0	0:05:05.149454
12	2	15	0.114	0	0:04:52.412711
13	2	19	0.114	0	0:04:49.316336
14	2	15	0.0818	0	0:05:19.247015
15	2	14	0.0401	0	0:04:30.546779
16	2	2	0.114	1	0:05:01.722132
17	2	19	0.021	0	0:05:03.026012
18	3	12	0.114	0	0:04:50.494267
19	3	19	0.114	0	0:04:49.434091
20	3	15	0.0251	0	0:05:19.380291
21	3	1	0.0525	0	0:04:30.299566
22	3	12	0.0546	0	0:05:01.172360
23	3	3	0.114	1	0:05:02.442529
24	4	15	0.114	0	0:04:52.605581
25	4	19	0.062	0	0:04:48.450648
26	4	13	0.0719	0	0:05:19.462296
27	4	1	0.114	0	0:04:31.126329
28	4	9	0.0665	0	0:05:09.736578
29	4	19	0.0729	0	0:05:23.560750
30	5	7	0.114	0	0:05:10.448614
31	5	5	0.0782	1	0:05:07.424358
32	5	7	0.114	0	0:05:39.920777
33	5	14	0.0137	0	0:04:47.325460
34	5	7	0.114	0	0:05:22.083395
35	5	19	0.00272	0	0:05:23.464961
36	6	15	0.114	0	0:04:52.518257
37	6	6	0.114	1	0:04:45.549946
38	6	13	0.108	0	0:05:17.609816
39	6	6	0.114	1	0:04:28.489504
40	6	2	0.0991	0	0:04:59.906593
41	6	19	0.0757	0	0:05:02.133369
42	7	7	0.114	1	0:04:49.889944
43	7	19	0.114	0	0:04:48.362512
44	7	7	0.114	1	0:05:17.199327
45	7	14	0.114	0	0:04:44.925843
46	7	7	0.114	1	0:05:19.146115
47	7	19	0.03	0	0:05:15.408558
48	8	15	0.114	0	0:04:53.007393
49	8	19	0.114	0	0:05:02.267103
50	8	13	0.0357	0	0:05:38.586447
51	8	13	0.104	0	0:04:47.635477
52	8	7	0.0126	0	0:05:20.741220
53	8	19	0.0497	0	0:05:22.318649
54	9	15	0.114	0	0:05:08.720973
55	9	19	0.114	0	0:04:55.431323
56	9	13	0.114	0	0:05:39.084562
57	9	1	0.0413	0	0:04:46.951491
58	9	7	0.0734	0	0:05:18.629620
59	9	19	0.114	0	0:05:09.609741
60	10	12	0.0818	0	0:05:06.501998
61	10	17	0.0436	0	0:05:06.214145
62	10	15	0.0406	0	0:05:26.374875
63	10	12	0.00704	0	0:04:31.130574
64	10	10	0.114	1	0:04:58.823307
65	10	10	0.114	1	0:05:00.500178
66	11	11	0.114	1	0:04:44.198469
67	11	-1	0.0	0	0:04:51.426838
68	11	11	0.114	1	0:05:13.261738
69	11	1	0.114	0	0:04:31.665487
70	11	11	0.114	1	0:04:54.236197
71	11	11	0.114	1	0:04:55.295686
72	12	12	0.114	1	0:04:50.845856
73	12	12	0.114	1	0:04:49.297942
74	12	13	0.0158	0	0:05:18.702927
75	12	12	0.0313	1	0:04:30.620299
76	12	12	0.114	1	0:05:01.436966
77	12	3	0.0991	0	0:05:01.673005
78	13	15	0.114	0	0:04:53.237954
79	13	19	0.114	0	0:04:48.414943
80	13	13	0.0355	1	0:05:19.616983
81	13	13	0.104	1	0:04:30.548665
82	13	7	0.0368	0	0:05:01.926763
83	13	19	0.0432	0	0:05:04.085839
84	14	15	0.114	0	0:04:50.749538
85	14	19	0.114	0	0:04:54.057554
86	14	15	0.114	0	0:05:37.871563
87	14	14	0.114	1	0:04:47.369930
88	14	7	0.108	0	0:05:19.510803
89	14	19	0.114	0	0:05:20.554826
90	15	15	0.114	1	0:05:01.990711
91	15	19	0.114	0	0:04:48.302591
92	15	13	0.0316	0	0:05:20.410970
93	15	13	0.108	0	0:04:30.485868
94	15	7	0.101	0	0:05:16.869430
95	15	19	0.0402	0	0:05:21.658383
96	16	7	0.0751	0	0:05:00.105873
97	16	19	0.114	0	0:05:01.657560
98	16	7	0.114	0	0:05:37.278816
99	16	16	0.108	1	0:04:45.244381
100	16	16	0.114	1	0:05:18.763434
101	16	19	0.0582	0	0:05:21.241615
102	17	12	0.016	0	0:05:06.166357
103	17	12	0.0588	0	0:04:55.242641
104	17	13	0.114	0	0:05:24.422386
105	17	12	0.0751	0	0:04:47.310948
106	17	12	0.0751	0	0:05:19.854504
107	17	3	0.114	0	0:05:22.037224
108	18	7	0.114	0	0:05:09.730274
109	18	19	0.114	0	0:05:06.612796
110	18	18	0.0468	1	0:05:38.172062
111	18	18	0.00393	1	0:04:47.722675
112	18	7	0.114	0	0:05:13.513733
113	18	19	0.0241	0	0:05:20.704981
114	19	15	0.114	0	0:04:54.307105
115	19	19	0.114	1	0:05:02.499236
116	19	-1	0.0	0	0:05:38.579928
117	19	14	0.114	0	0:04:47.363260
118	19	7	0.114	0	0:05:14.879963
119	19	19	0.114	1	0:05:11.561365
