idx	label	predict	radius	correct	time
0	0	15	0.0186	0	0:04:51.390672
1	0	19	0.0789	0	0:04:44.158345
2	0	-1	0.0	0	0:05:17.616495
3	0	-1	0.0	0	0:04:26.328229
4	0	7	0.00987	0	0:04:58.469785
5	0	19	0.0258	0	0:04:59.088594
6	1	15	0.0152	0	0:04:48.439293
7	1	19	0.0853	0	0:04:44.019973
8	1	-1	0.0	0	0:05:15.618930
9	1	1	0.0513	1	0:04:26.608990
10	1	-1	0.0	0	0:04:58.044024
11	1	19	0.0226	0	0:05:00.696359
12	2	15	0.0144	0	0:04:47.573537
13	2	19	0.0763	0	0:04:44.449304
14	2	15	0.0242	0	0:05:14.885365
15	2	-1	0.0	0	0:04:27.272486
16	2	2	0.0182	1	0:04:58.347981
17	2	19	0.0103	0	0:04:58.815955
18	3	12	0.114	0	0:04:47.065066
19	3	19	0.0763	0	0:04:44.903064
20	3	15	0.0225	0	0:05:14.106484
21	3	1	0.0169	0	0:04:26.517214
22	3	12	0.0106	0	0:04:56.674556
23	3	3	0.104	1	0:04:58.336472
24	4	15	0.00459	0	0:04:48.383963
25	4	19	0.0554	0	0:04:44.249260
26	4	13	0.0047	0	0:05:16.596929
27	4	1	0.0207	0	0:04:27.160446
28	4	-1	0.0	0	0:04:58.344035
29	4	19	0.023	0	0:04:59.137162
30	5	7	0.114	0	0:04:48.286040
31	5	-1	0.0	0	0:04:43.994987
32	5	7	0.0896	0	0:05:15.243307
33	5	18	0.0362	0	0:04:25.011601
34	5	7	0.0953	0	0:04:58.084729
35	5	19	0.00305	0	0:04:58.978545
36	6	-1	0.0	0	0:04:44.655288
37	6	6	0.0283	1	0:04:40.876018
38	6	13	0.00272	0	0:05:12.507381
39	6	6	0.0436	1	0:04:23.637536
40	6	2	0.00537	0	0:04:54.248302
41	6	19	0.0197	0	0:04:55.831858
42	7	7	0.114	1	0:04:45.045840
43	7	19	0.039	0	0:04:43.091275
44	7	7	0.0665	1	0:05:12.719548
45	7	14	0.00437	0	0:04:25.236272
46	7	7	0.114	1	0:04:55.875575
47	7	19	0.018	0	0:04:56.123451
48	8	15	0.0169	0	0:04:48.488971
49	8	19	0.0769	0	0:04:44.537547
50	8	13	0.00716	0	0:05:15.188341
51	8	13	0.0165	0	0:04:26.940299
52	8	7	0.00671	0	0:04:58.124998
53	8	19	0.0225	0	0:04:59.426916
54	9	15	0.00382	0	0:04:48.141098
55	9	19	0.0796	0	0:04:44.178566
56	9	13	0.0216	0	0:05:16.131902
57	9	-1	0.0	0	0:04:26.524052
58	9	7	0.0341	0	0:04:58.661497
59	9	19	0.0371	0	0:04:59.687190
60	10	12	0.0896	0	0:04:44.480529
61	10	17	0.0181	0	0:04:45.700142
62	10	15	0.00382	0	0:05:11.821275
63	10	-1	0.0	0	0:04:27.671658
64	10	10	0.114	1	0:04:54.814099
65	10	10	0.114	1	0:04:55.699204
66	11	11	0.114	1	0:04:39.653068
67	11	19	0.0306	0	0:04:45.882964
68	11	11	0.114	1	0:05:06.258499
69	11	1	0.0826	0	0:04:26.402918
70	11	11	0.114	1	0:04:49.899848
71	11	11	0.114	1	0:04:51.313357
72	12	12	0.114	1	0:04:46.595021
73	12	-1	0.0	0	0:04:44.490412
74	12	-1	0.0	0	0:05:13.931183
75	12	-1	0.0	0	0:04:26.952412
76	12	12	0.0649	1	0:04:57.771429
77	12	3	0.0257	0	0:04:57.599544
78	13	15	0.0197	0	0:04:48.287410
79	13	19	0.0686	0	0:04:44.021238
80	13	-1	0.0	0	0:05:16.301455
81	13	13	0.0177	1	0:04:27.410555
82	13	7	0.0109	0	0:04:58.395344
83	13	19	0.0203	0	0:04:59.359116
84	14	15	0.0057	0	0:04:46.855968
85	14	19	0.0475	0	0:04:45.927008
86	14	15	0.0504	0	0:05:14.040068
87	14	14	0.00704	1	0:04:27.426036
88	14	7	0.0557	0	0:04:57.243743
89	14	19	0.0936	0	0:04:57.937655
90	15	15	0.0176	1	0:04:48.896923
91	15	19	0.0757	0	0:04:44.657362
92	15	-1	0.0	0	0:05:16.987951
93	15	13	0.021	0	0:04:26.911824
94	15	7	0.0145	0	0:04:58.365245
95	15	19	0.0242	0	0:04:59.082819
96	16	7	0.0101	0	0:04:47.249789
97	16	19	0.037	0	0:04:42.948224
98	16	7	0.0695	0	0:05:13.855362
99	16	16	0.0257	1	0:04:25.213122
100	16	16	0.0182	1	0:04:56.097778
101	16	19	0.0257	0	0:04:57.744264
102	17	12	0.0188	0	0:04:47.581441
103	17	-1	0.0	0	0:04:44.518230
104	17	13	0.0324	0	0:05:15.456736
105	17	17	0.0102	1	0:04:26.289075
106	17	12	0.0205	0	0:04:57.113347
107	17	3	0.037	0	0:04:59.820975
108	18	7	0.0331	0	0:04:47.874905
109	18	19	0.0464	0	0:04:43.680243
110	18	-1	0.0	0	0:05:14.440100
111	18	18	0.0358	1	0:04:26.165360
112	18	7	0.0971	0	0:04:56.974523
113	18	19	0.0143	0	0:04:58.704920
114	19	15	0.00794	0	0:04:48.306282
115	19	19	0.0554	1	0:04:44.269984
116	19	15	0.00206	0	0:05:16.973610
117	19	14	0.00896	0	0:04:27.101915
118	19	7	0.0782	0	0:04:58.451285
119	19	19	0.0483	1	0:05:00.085925
