idx	label	predict	radius	correct	time
0	0	-1	0.0	0	0:05:03.252141
1	0	-1	0.0	0	0:04:29.174627
2	0	13	0.027	0	0:05:07.597443
3	0	-1	0.0	0	0:04:39.251718
4	0	-1	0.0	0	0:05:01.485488
5	0	8	0.053	0	0:05:02.714210
6	1	-1	0.0	0	0:04:54.556935
7	1	19	0.00404	0	0:04:28.972499
8	1	13	0.0253	0	0:05:02.903531
9	1	-1	0.0	0	0:04:40.151953
10	1	-1	0.0	0	0:05:03.113391
11	1	8	0.0434	0	0:05:02.904047
12	2	-1	0.0	0	0:04:55.641632
13	2	19	0.00426	0	0:04:29.031394
14	2	13	0.0146	0	0:05:02.762264
15	2	-1	0.0	0	0:04:40.089415
16	2	2	0.03	1	0:05:01.863091
17	2	8	0.0681	0	0:05:02.591318
18	3	12	0.0543	0	0:04:54.679742
19	3	19	0.00749	0	0:04:29.421149
20	3	-1	0.0	0	0:05:02.254207
21	3	-1	0.0	0	0:04:38.707635
22	3	-1	0.0	0	0:05:00.915543
23	3	3	0.0499	1	0:05:01.462692
24	4	1	0.00272	0	0:04:57.267847
25	4	-1	0.0	0	0:04:29.246991
26	4	13	0.0258	0	0:05:05.265747
27	4	-1	0.0	0	0:04:39.434426
28	4	-1	0.0	0	0:05:02.301791
29	4	8	0.0714	0	0:05:03.773069
30	5	7	0.0216	0	0:04:54.656204
31	5	5	0.00327	1	0:04:28.298685
32	5	-1	0.0	0	0:05:02.660374
33	5	14	0.0149	0	0:04:38.339057
34	5	5	0.0499	1	0:05:01.178308
35	5	5	0.0598	1	0:05:02.662878
36	6	-1	0.0	0	0:04:52.993772
37	6	-1	0.0	0	0:04:24.852454
38	6	13	0.0191	0	0:05:00.289980
39	6	6	0.0745	1	0:04:36.551719
40	6	6	0.104	1	0:04:59.372532
41	6	8	0.0185	0	0:05:00.866675
42	7	7	0.029	1	0:04:53.475339
43	7	19	0.00671	0	0:04:27.663480
44	7	7	0.0387	1	0:05:00.518288
45	7	14	0.0192	0	0:04:37.864483
46	7	5	0.0144	0	0:04:59.474107
47	7	5	0.0373	0	0:05:01.479569
48	8	-1	0.0	0	0:04:55.459105
49	8	-1	0.0	0	0:04:28.668594
50	8	13	0.0222	0	0:05:03.664766
51	8	-1	0.0	0	0:04:39.214212
52	8	-1	0.0	0	0:05:01.316872
53	8	8	0.069	1	0:05:04.015707
54	9	-1	0.0	0	0:04:56.501013
55	9	-1	0.0	0	0:04:28.012884
56	9	13	0.0458	0	0:05:03.064041
57	9	-1	0.0	0	0:04:38.875921
58	9	-1	0.0	0	0:05:01.534767
59	9	8	0.044	0	0:05:03.465469
60	10	-1	0.0	0	0:04:52.128607
61	10	-1	0.0	0	0:04:29.159880
62	10	10	0.0492	1	0:04:58.920483
63	10	-1	0.0	0	0:04:39.314573
64	10	10	0.114	1	0:04:56.961055
65	10	10	0.108	1	0:04:58.281196
66	11	11	0.114	1	0:04:47.763168
67	11	-1	0.0	0	0:04:29.362340
68	11	11	0.114	1	0:04:53.786165
69	11	1	0.0149	0	0:04:40.606948
70	11	11	0.114	1	0:04:53.205006
71	11	11	0.114	1	0:04:54.919565
72	12	12	0.0775	1	0:04:55.941120
73	12	-1	0.0	0	0:04:28.520845
74	12	-1	0.0	0	0:05:03.201995
75	12	1	0.00272	0	0:04:39.638621
76	12	12	0.0222	1	0:05:01.223524
77	12	12	0.108	1	0:05:02.091099
78	13	-1	0.0	0	0:04:56.745915
79	13	-1	0.0	0	0:04:29.702639
80	13	13	0.022	1	0:05:05.704289
81	13	-1	0.0	0	0:04:40.168916
82	13	-1	0.0	0	0:05:02.111882
83	13	8	0.0669	0	0:05:02.399269
84	14	7	0.00671	0	0:04:55.298927
85	14	19	0.00682	0	0:04:27.016608
86	14	13	0.00582	0	0:05:00.787336
87	14	-1	0.0	0	0:04:38.966776
88	14	-1	0.0	0	0:05:01.438850
89	14	-1	0.0	0	0:05:01.455869
90	15	-1	0.0	0	0:04:56.990711
91	15	-1	0.0	0	0:04:28.936479
92	15	13	0.0228	0	0:05:06.006580
93	15	-1	0.0	0	0:04:39.437124
94	15	-1	0.0	0	0:05:01.696462
95	15	8	0.0677	0	0:05:03.360492
96	16	7	0.0104	0	0:04:53.472980
97	16	-1	0.0	0	0:04:28.166503
98	16	16	0.0366	1	0:05:02.398966
99	16	-1	0.0	0	0:04:39.363285
100	16	16	0.0562	1	0:04:59.737446
101	16	-1	0.0	0	0:05:01.857215
102	17	12	0.0382	0	0:04:56.579026
103	17	-1	0.0	0	0:04:27.395524
104	17	13	0.0757	0	0:05:03.011214
105	17	17	0.0036	1	0:04:39.047328
106	17	-1	0.0	0	0:05:01.606678
107	17	12	0.025	0	0:05:03.729157
108	18	7	0.0226	0	0:04:54.725063
109	18	-1	0.0	0	0:04:29.925249
110	18	18	0.000299	1	0:05:02.981338
111	18	14	0.0123	0	0:04:38.653579
112	18	5	0.0166	0	0:05:00.408619
113	18	5	0.0382	0	0:05:01.484871
114	19	7	0.00272	0	0:04:57.361696
115	19	19	0.00828	1	0:04:29.188154
116	19	13	0.0118	0	0:05:07.774278
117	19	-1	0.0	0	0:04:39.063394
118	19	-1	0.0	0	0:05:02.939207
119	19	8	0.0511	0	0:05:04.099196
