idx	label	predict	radius	correct	time
0	0	1	0.0399	0	0:06:44.565446
1	0	19	0.000628	0	0:05:58.509524
2	0	13	0.0835	0	0:06:40.894348
3	0	14	0.035	0	0:06:07.883535
4	0	0	0.114	1	0:06:39.750281
5	0	8	0.0594	0	0:06:39.155440
6	1	1	0.0494	1	0:06:23.154665
7	1	19	0.108	0	0:06:03.706882
8	1	13	0.114	0	0:06:46.654435
9	1	1	0.0362	1	0:06:08.665455
10	1	0	0.0466	0	0:06:39.589772
11	1	8	0.0481	0	0:06:41.031588
12	2	-1	0.0	0	0:06:27.214660
13	2	19	0.114	0	0:05:53.455017
14	2	13	0.0173	0	0:06:28.076679
15	2	14	0.0401	0	0:06:01.253786
16	2	2	0.104	1	0:06:25.117226
17	2	8	0.114	0	0:06:30.146276
18	3	12	0.114	0	0:06:38.740560
19	3	19	0.114	0	0:06:06.809040
20	3	3	0.0729	1	0:06:23.237700
21	3	1	0.0302	0	0:14:24.168843
22	3	12	0.0202	0	0:06:18.262993
23	3	3	0.114	1	0:06:24.450126
24	4	1	0.0775	0	0:06:17.668120
25	4	19	0.0853	0	0:05:43.810545
26	4	13	0.114	0	0:06:24.874460
27	4	-1	0.0	0	0:05:57.974388
28	4	9	0.0141	0	0:06:27.342198
29	4	8	0.114	0	0:06:30.381469
30	5	7	0.114	0	0:06:20.031815
31	5	5	0.0322	1	0:05:44.023772
32	5	7	0.0562	0	0:06:30.535382
33	5	14	0.114	0	0:05:59.338660
34	5	5	0.114	1	0:06:22.322961
35	5	5	0.114	1	0:06:25.442987
36	6	1	0.0417	0	0:06:19.744122
37	6	15	0.0347	0	0:05:37.520679
38	6	13	0.108	0	0:06:28.960856
39	6	6	0.114	1	0:05:56.010407
40	6	6	0.114	1	0:06:20.058621
41	6	0	0.0922	0	0:06:29.308203
42	7	7	0.114	1	0:06:25.169461
43	7	19	0.108	0	0:05:52.662997
44	7	7	0.114	1	0:06:23.747984
45	7	14	0.114	0	0:06:03.440423
46	7	5	0.114	0	0:06:27.020185
47	7	5	0.114	0	0:06:25.074896
48	8	1	0.0132	0	0:06:21.614573
49	8	15	0.0991	0	0:05:46.383150
50	8	13	0.108	0	0:06:24.937807
51	8	9	0.00953	0	0:06:03.305858
52	8	0	0.0454	0	0:06:28.602082
53	8	8	0.114	1	0:06:26.248779
54	9	1	0.0624	0	0:06:18.135869
55	9	19	0.0991	0	0:05:45.692771
56	9	13	0.114	0	0:06:28.330098
57	9	14	0.0118	0	0:06:09.703102
58	9	19	0.0627	0	0:06:36.931424
59	9	8	0.0565	0	0:06:31.245667
60	10	12	0.114	0	0:06:22.736263
61	10	15	0.0863	0	0:05:50.127642
62	10	10	0.114	1	0:06:25.702322
63	10	12	0.0426	0	0:06:00.908295
64	10	10	0.114	1	0:06:25.206294
65	10	10	0.114	1	0:06:28.856963
66	11	11	0.114	1	0:06:05.718880
67	11	19	0.081	0	0:05:48.391551
68	11	11	0.114	1	0:08:38.806600
69	11	1	0.114	0	0:05:59.935526
70	11	11	0.114	1	0:06:15.648262
71	11	11	0.114	1	0:06:18.762120
72	12	12	0.114	1	0:06:12.369861
73	12	19	0.00896	0	0:05:51.983409
74	12	19	0.0176	0	0:32:52.755119
75	12	1	0.0745	0	0:06:00.859662
76	12	12	0.069	1	0:06:28.003191
77	12	12	0.114	1	0:16:40.327583
78	13	1	0.0366	0	0:06:16.604402
79	13	15	0.0853	0	0:05:41.250779
80	13	13	0.114	1	0:06:27.412495
81	13	9	0.00828	0	0:05:58.398405
82	13	0	0.0159	0	0:06:18.736067
83	13	8	0.114	0	0:06:22.534313
84	14	7	0.108	0	0:06:16.907198
85	14	19	0.114	0	0:05:46.055826
86	14	13	0.0528	0	0:42:21.988909
87	14	14	0.0763	1	0:05:52.339387
88	14	5	0.00382	0	0:06:24.463550
89	14	0	0.0535	0	0:06:21.274547
90	15	-1	0.0	0	0:06:22.065934
91	15	15	0.114	1	0:05:52.243823
92	15	13	0.0763	0	0:06:31.167152
93	15	9	0.0106	0	0:05:57.962530
94	15	0	0.0936	0	0:06:28.270537
95	15	8	0.114	0	0:06:26.881175
96	16	7	0.114	0	0:06:21.611572
97	16	15	0.0884	0	0:05:37.663430
98	16	7	0.0156	0	0:06:18.687430
99	16	14	0.0243	0	0:05:58.036013
100	16	16	0.0477	1	0:06:23.175940
101	16	5	0.00217	0	0:06:19.828910
102	17	12	0.114	0	0:06:13.416994
103	17	-1	0.0	0	0:05:30.121722
104	17	13	0.114	0	1:14:44.557831
105	17	17	0.0297	1	0:05:40.643663
106	17	6	0.101	0	0:06:14.178573
107	17	12	0.0444	0	0:06:11.405645
108	18	7	0.114	0	0:06:02.745613
109	18	19	0.0873	0	0:05:27.537711
110	18	18	0.104	1	0:06:11.034070
111	18	14	0.114	0	0:05:43.279133
112	18	5	0.114	0	0:21:07.309488
113	18	5	0.114	0	0:06:13.031315
114	19	7	0.114	0	0:06:03.081477
115	19	19	0.114	1	0:05:27.178267
116	19	19	0.00761	1	0:17:30.461688
117	19	14	0.0818	0	0:05:39.043841
118	19	5	0.0264	0	0:06:07.874015
119	19	8	0.0734	0	0:06:10.994049
