idx	label	predict	radius	correct	time
0	0	1	0.0896	0	0:05:00.602769
1	0	19	0.0283	0	0:04:51.904118
2	0	13	0.0123	0	0:05:28.988815
3	0	14	0.0953	0	0:04:38.101473
4	0	0	0.0803	1	0:05:04.480627
5	0	8	0.0202	0	0:08:33.732460
6	1	1	0.108	1	0:04:54.010160
7	1	19	0.114	0	0:04:49.653399
8	1	13	0.0344	0	0:05:22.002730
9	1	1	0.017	1	0:04:31.715613
10	1	0	0.114	0	0:05:05.812810
11	1	8	0.0133	0	0:05:13.703854
12	2	-1	0.0	0	0:05:00.301226
13	2	19	0.0826	0	0:04:58.105108
14	2	13	0.00953	0	0:05:24.225343
15	2	14	0.104	0	0:04:38.798952
16	2	0	0.00459	0	0:05:05.282213
17	2	8	0.0477	0	0:05:05.965226
18	3	12	0.114	0	0:04:54.154750
19	3	19	0.0751	0	0:04:49.929797
20	3	3	0.0273	1	0:05:19.584363
21	3	14	0.0971	0	0:04:32.292532
22	3	12	0.0971	0	0:05:02.445172
23	3	3	0.114	1	0:05:04.190577
24	4	1	0.114	0	0:04:57.431499
25	4	19	0.0562	0	0:04:51.126987
26	4	13	0.0201	0	0:05:22.510463
27	4	14	0.00604	0	0:04:33.237891
28	4	9	0.0203	0	0:05:08.728011
29	4	8	0.0321	0	0:05:07.675727
30	5	7	0.114	0	0:04:54.721303
31	5	5	0.0327	1	0:04:49.498593
32	5	7	0.114	0	0:05:21.895844
33	5	14	0.108	0	0:04:30.717956
34	5	5	0.114	1	0:05:03.293403
35	5	5	0.114	1	0:05:04.202784
36	6	1	0.0763	0	0:04:50.091161
37	6	15	0.0191	0	0:04:46.172517
38	6	13	0.0347	0	0:05:18.909601
39	6	6	0.114	1	0:04:29.176314
40	6	6	0.114	1	0:05:03.212062
41	6	0	0.0176	0	0:05:02.660764
42	7	7	0.114	1	0:04:49.904245
43	7	19	0.114	0	0:04:48.424696
44	7	7	0.114	1	0:05:18.130803
45	7	14	0.108	0	0:04:29.794803
46	7	5	0.0922	0	0:05:01.130019
47	7	5	0.074	0	0:05:01.120763
48	8	1	0.0863	0	0:04:53.023426
49	8	19	0.0173	0	0:04:49.308278
50	8	-1	0.0	0	0:05:21.580990
51	8	14	0.0101	0	0:04:30.896637
52	8	-1	0.0	0	0:05:03.384839
53	8	8	0.0796	1	0:05:04.449288
54	9	1	0.114	0	0:04:52.986727
55	9	19	0.0971	0	0:04:48.891076
56	9	13	0.0344	0	0:05:20.893294
57	9	14	0.0582	0	0:04:30.909788
58	9	19	0.0803	0	0:05:03.135862
59	9	8	0.0184	0	0:05:04.419100
60	10	12	0.114	0	0:04:49.236740
61	10	-1	0.0	0	0:04:50.166966
62	10	10	0.114	1	0:05:16.792290
63	10	14	0.00316	0	0:04:31.693401
64	10	10	0.114	1	0:04:59.220530
65	10	10	0.114	1	0:05:00.575036
66	11	11	0.114	1	0:04:43.981223
67	11	19	0.108	0	0:04:50.571599
68	11	11	0.114	1	0:05:11.896152
69	11	1	0.114	0	0:04:31.004064
70	11	11	0.114	1	0:04:54.306847
71	11	11	0.114	1	0:04:56.109607
72	12	12	0.114	1	0:04:51.296179
73	12	-1	0.0	0	0:04:50.036958
74	12	-1	0.0	0	0:05:19.548264
75	12	-1	0.0	0	0:04:31.156018
76	12	12	0.114	1	0:05:02.296391
77	12	12	0.114	1	0:05:02.528812
78	13	1	0.0844	0	0:04:53.557579
79	13	19	0.0158	0	0:04:49.249007
80	13	13	0.016	1	0:05:21.631348
81	13	14	0.013	0	0:04:31.325348
82	13	19	0.016	0	0:05:03.108768
83	13	8	0.0769	0	0:05:04.395450
84	14	7	0.114	0	0:04:51.489106
85	14	19	0.114	0	0:04:50.458420
86	14	13	0.104	0	0:05:19.484373
87	14	14	0.108	1	0:04:31.329437
88	14	19	0.0272	0	0:05:01.476606
89	14	0	0.0803	0	0:05:03.121896
90	15	1	0.0724	0	0:04:52.987803
91	15	15	0.0488	1	0:04:49.065321
92	15	13	0.00637	0	0:05:21.663232
93	15	14	0.0107	0	0:04:31.315893
94	15	0	0.00217	0	0:05:03.281439
95	15	8	0.0873	0	0:05:04.055205
96	16	7	0.114	0	0:04:51.539905
97	16	19	0.0101	0	0:04:48.472991
98	16	7	0.0261	0	0:05:19.859176
99	16	14	0.00515	0	0:04:30.295951
100	16	16	0.114	1	0:05:01.089613
101	16	16	0.00794	1	0:05:03.342870
102	17	12	0.114	0	0:04:52.150033
103	17	-1	0.0	0	0:04:49.150449
104	17	13	0.0557	0	0:05:21.273429
105	17	17	0.0251	1	0:04:30.908054
106	17	6	0.0699	0	0:05:02.295546
107	17	12	0.0499	0	0:05:04.222785
108	18	7	0.114	0	0:04:52.414733
109	18	19	0.114	0	0:04:49.070110
110	18	18	0.0347	1	0:05:20.576041
111	18	14	0.114	0	0:04:30.878529
112	18	5	0.114	0	0:05:02.136101
113	18	5	0.114	0	0:05:03.794530
114	19	7	0.0922	0	0:04:53.641732
115	19	19	0.114	1	0:04:49.511503
116	19	-1	0.0	0	0:05:21.985965
117	19	14	0.104	0	0:04:31.191596
118	19	19	0.0176	1	0:05:03.749912
119	19	8	0.0243	0	0:05:04.611229
