idx	label	predict	radius	correct	time
0	0	-1	0.0	0	0:04:54.329844
1	0	19	0.0229	0	0:04:44.508690
2	0	-1	0.0	0	0:05:20.374040
3	0	14	0.00151	0	0:04:26.707841
4	0	0	0.0112	1	0:04:58.033760
5	0	-1	0.0	0	0:04:59.824324
6	1	1	0.0126	1	0:04:48.090472
7	1	19	0.0296	0	0:04:44.425333
8	1	-1	0.0	0	0:05:15.206074
9	1	1	0.00283	1	0:04:26.655843
10	1	0	0.049	0	0:04:58.627670
11	1	-1	0.0	0	0:05:00.295092
12	2	-1	0.0	0	0:04:47.030783
13	2	19	0.0375	0	0:04:44.999848
14	2	-1	0.0	0	0:05:14.388762
15	2	-1	0.0	0	0:04:26.465784
16	2	-1	0.0	0	0:04:57.947341
17	2	-1	0.0	0	0:04:58.125634
18	3	12	0.114	0	0:04:46.836510
19	3	19	0.045	0	0:04:45.181001
20	3	3	0.00526	1	0:05:14.280798
21	3	-1	0.0	0	0:04:27.506424
22	3	12	0.0991	0	0:04:56.266819
23	3	3	0.0287	1	0:04:57.947183
24	4	1	0.00693	0	0:04:48.932342
25	4	19	0.00783	0	0:04:44.359428
26	4	-1	0.0	0	0:05:15.961035
27	4	-1	0.0	0	0:04:27.235202
28	4	-1	0.0	0	0:04:58.179454
29	4	-1	0.0	0	0:04:59.207191
30	5	7	0.0513	0	0:04:47.609694
31	5	-1	0.0	0	0:04:43.614009
32	5	7	0.0221	0	0:05:14.711743
33	5	-1	0.0	0	0:04:26.272022
34	5	5	0.0557	1	0:04:57.744266
35	5	5	0.052	1	0:04:59.469828
36	6	-1	0.0	0	0:04:45.229337
37	6	-1	0.0	0	0:04:40.986189
38	6	-1	0.0	0	0:05:12.939787
39	6	6	0.0477	1	0:04:23.411654
40	6	6	0.0953	1	0:04:54.728599
41	6	-1	0.0	0	0:04:56.602087
42	7	7	0.0714	1	0:04:45.406318
43	7	19	0.0448	0	0:04:43.782871
44	7	7	0.0661	1	0:05:12.848763
45	7	14	0.0234	0	0:04:25.401870
46	7	5	0.0112	0	0:04:55.876282
47	7	-1	0.0	0	0:04:56.792256
48	8	-1	0.0	0	0:04:49.010472
49	8	19	0.00448	0	0:04:44.813170
50	8	-1	0.0	0	0:05:15.337662
51	8	-1	0.0	0	0:04:27.086792
52	8	-1	0.0	0	0:04:57.491954
53	8	-1	0.0	0	0:04:59.774038
54	9	-1	0.0	0	0:04:48.461121
55	9	19	0.0401	0	0:04:44.860330
56	9	-1	0.0	0	0:05:15.949423
57	9	-1	0.0	0	0:04:26.815901
58	9	19	0.0254	0	0:04:58.629503
59	9	-1	0.0	0	0:05:00.111672
60	10	12	0.114	0	0:04:43.767786
61	10	19	0.023	0	0:04:45.532206
62	10	10	0.0203	1	0:05:12.138480
63	10	-1	0.0	0	0:04:27.750239
64	10	10	0.114	1	0:04:55.072058
65	10	10	0.114	1	0:04:56.811490
66	11	11	0.114	1	0:04:40.582594
67	11	19	0.0221	0	0:04:46.493917
68	11	11	0.114	1	0:05:06.999933
69	11	1	0.0657	0	0:04:27.279513
70	11	11	0.114	1	0:04:49.968936
71	11	11	0.114	1	0:04:51.643360
72	12	12	0.114	1	0:04:47.114096
73	12	-1	0.0	0	0:04:45.098019
74	12	-1	0.0	0	0:05:14.372653
75	12	1	0.00885	0	0:04:26.741239
76	12	12	0.108	1	0:04:57.137923
77	12	12	0.0432	1	0:04:58.112339
78	13	-1	0.0	0	0:04:49.311719
79	13	19	0.00426	0	0:04:44.656881
80	13	-1	0.0	0	0:05:16.371755
81	13	-1	0.0	0	0:04:27.092523
82	13	19	0.00493	0	0:04:58.252676
83	13	-1	0.0	0	0:04:59.742978
84	14	7	0.0277	0	0:04:46.462979
85	14	19	0.0528	0	0:04:46.317947
86	14	-1	0.0	0	0:05:14.385862
87	14	14	0.00953	1	0:04:27.521237
88	14	19	0.0196	0	0:04:56.520975
89	14	-1	0.0	0	0:04:58.295056
90	15	-1	0.0	0	0:04:48.717527
91	15	-1	0.0	0	0:04:44.641602
92	15	-1	0.0	0	0:05:15.749836
93	15	-1	0.0	0	0:04:27.362435
94	15	-1	0.0	0	0:04:57.950716
95	15	-1	0.0	0	0:04:59.309892
96	16	7	0.0399	0	0:04:47.166258
97	16	19	0.0294	0	0:04:43.404719
98	16	-1	0.0	0	0:05:15.572217
99	16	-1	0.0	0	0:04:26.532882
100	16	16	0.0336	1	0:04:56.628550
101	16	16	0.0247	1	0:04:58.524731
102	17	12	0.0724	0	0:04:47.918641
103	17	-1	0.0	0	0:04:44.352015
104	17	-1	0.0	0	0:05:16.420995
105	17	17	0.074	1	0:04:27.814692
106	17	17	0.0119	1	0:04:58.133355
107	17	-1	0.0	0	0:05:00.198326
108	18	7	0.0385	0	0:04:48.638592
109	18	19	0.0582	0	0:04:45.035969
110	18	18	0.0408	1	0:05:15.225098
111	18	14	0.00173	0	0:04:26.701089
112	18	5	0.0363	0	0:04:57.729727
113	18	5	0.0117	0	0:04:59.434329
114	19	7	0.0251	0	0:04:49.132546
115	19	19	0.0538	1	0:04:45.726579
116	19	-1	0.0	0	0:05:17.465642
117	19	14	0.0112	0	0:04:27.610065
118	19	19	0.0203	1	0:04:59.675338
119	19	-1	0.0	0	0:05:01.475817
