idx	label	predict	radius	correct	time
0	0	15	0.0989	0	0:05:10.935598
1	0	19	0.124	0	0:04:35.928190
2	0	13	0.0059	0	0:04:59.142471
3	0	-1	0.0	0	0:04:44.610948
4	0	7	0.0169	0	0:05:03.731127
5	0	19	0.0776	0	0:05:01.000526
6	1	15	0.0967	0	0:05:05.046657
7	1	19	0.124	0	0:04:36.457508
8	1	13	0.01	0	0:04:58.723087
9	1	1	0.0967	1	0:04:44.709166
10	1	9	0.0989	0	0:05:02.899034
11	1	19	0.0735	0	0:05:01.289157
12	2	15	0.092	0	0:05:05.080111
13	2	19	0.13	0	0:04:36.468727
14	2	15	0.0569	0	0:04:58.105316
15	2	-1	0.0	0	0:04:44.197820
16	2	2	0.0385	1	0:05:02.729079
17	2	19	0.074	0	0:05:00.125341
18	3	12	0.0796	0	0:05:04.031035
19	3	19	0.124	0	0:04:36.757035
20	3	15	0.0082	0	0:04:57.441889
21	3	1	0.1	0	0:04:43.840344
22	3	12	0.0829	0	0:05:01.894572
23	3	3	0.114	1	0:04:59.497713
24	4	15	0.0989	0	0:05:04.980241
25	4	19	0.124	0	0:04:35.765244
26	4	13	0.0249	0	0:04:59.178471
27	4	1	0.022	0	0:04:44.717680
28	4	9	0.106	0	0:05:03.225144
29	4	19	0.0807	0	0:05:01.040452
30	5	7	0.114	0	0:05:04.088948
31	5	5	0.0719	1	0:04:35.931064
32	5	7	0.13	0	0:04:59.247714
33	5	14	0.00072	0	0:04:44.500213
34	5	7	0.13	0	0:05:02.925577
35	5	19	0.00859	0	0:04:59.980907
36	6	15	0.0881	0	0:05:02.228464
37	6	6	0.0696	1	0:04:32.070721
38	6	13	0.0308	0	0:04:56.085528
39	6	6	0.103	1	0:04:40.596071
40	6	2	0.0647	0	0:04:59.932605
41	6	19	0.0896	0	0:04:59.235773
42	7	7	0.13	1	0:05:02.694870
43	7	19	0.13	0	0:04:34.931502
44	7	7	0.13	1	0:04:56.046178
45	7	14	0.0967	0	0:04:43.725700
46	7	7	0.13	1	0:05:01.237897
47	7	19	0.0522	0	0:04:58.603426
48	8	15	0.104	0	0:05:05.581288
49	8	19	0.13	0	0:04:35.583805
50	8	13	0.0287	0	0:04:58.279465
51	8	13	0.0929	0	0:04:44.321762
52	8	7	0.00135	0	0:05:02.794097
53	8	19	0.0791	0	0:05:01.648391
54	9	15	0.092	0	0:05:05.356246
55	9	19	0.12	0	0:04:35.585285
56	9	13	0.0567	0	0:04:59.001416
57	9	-1	0.0	0	0:04:44.228888
58	9	7	0.029	0	0:05:02.667838
59	9	19	0.0829	0	0:05:00.919741
60	10	12	0.022	0	0:05:01.810093
61	10	12	0.0117	0	0:04:35.544462
62	10	-1	0.0	0	0:04:55.448075
63	10	12	0.0259	0	0:04:45.914206
64	10	10	0.13	1	0:04:59.295267
65	10	10	0.13	1	0:04:57.426818
66	11	11	0.13	1	0:04:59.805747
67	11	-1	0.0	0	0:04:35.508906
68	11	11	0.13	1	0:04:52.647784
69	11	1	0.104	0	0:04:44.277758
70	11	11	0.13	1	0:04:57.446970
71	11	11	0.13	1	0:04:54.869741
72	12	12	0.0929	1	0:05:02.941207
73	12	12	0.0422	1	0:04:36.397164
74	12	13	0.00299	0	0:04:57.926641
75	12	-1	0.0	0	0:04:44.980844
76	12	12	0.13	1	0:05:01.741994
77	12	3	0.05	0	0:04:59.326069
78	13	15	0.104	0	0:05:06.590305
79	13	19	0.12	0	0:04:35.345684
80	13	13	0.0209	1	0:04:59.391146
81	13	13	0.0904	1	0:04:43.615838
82	13	-1	0.0	0	0:05:03.154665
83	13	19	0.0711	0	0:05:00.321127
84	14	15	0.0771	0	0:05:03.738737
85	14	19	0.12	0	0:04:36.639314
86	14	15	0.0125	0	0:04:58.246830
87	14	14	0.0559	1	0:04:43.827409
88	14	7	0.0841	0	0:05:01.838745
89	14	19	0.103	0	0:04:59.473777
90	15	15	0.109	1	0:05:05.940734
91	15	19	0.109	0	0:04:35.620548
92	15	13	0.0149	0	0:04:59.136688
93	15	13	0.101	0	0:04:44.165016
94	15	7	0.01	0	0:05:03.043157
95	15	19	0.0786	0	0:05:00.681920
96	16	7	0.101	0	0:05:03.692626
97	16	19	0.124	0	0:04:34.854951
98	16	7	0.12	0	0:04:58.218037
99	16	16	0.0463	1	0:04:43.683324
100	16	16	0.13	1	0:05:02.066574
101	16	19	0.0162	0	0:05:00.361458
102	17	-1	0.0	0	0:05:05.807544
103	17	12	0.00718	0	0:04:35.895715
104	17	13	0.0989	0	0:04:59.094796
105	17	12	0.0801	0	0:04:44.114091
106	17	12	0.0727	0	0:05:02.717409
107	17	3	0.106	0	0:05:01.409808
108	18	7	0.12	0	0:05:04.427374
109	18	19	0.116	0	0:04:34.261626
110	18	18	0.038	1	0:04:57.550305
111	18	-1	0.0	0	0:04:43.965006
112	18	7	0.101	0	0:05:01.927947
113	18	19	0.0762	0	0:04:59.780292
114	19	15	0.0829	0	0:05:07.332351
115	19	19	0.124	1	0:04:36.192354
116	19	15	0.0532	0	0:04:58.681552
117	19	14	0.0854	0	0:04:43.481545
118	19	7	0.0791	0	0:05:03.348302
119	19	19	0.0762	1	0:05:02.441196
