idx	label	predict	radius	correct	time
0	0	1	0.0174	0	0:05:10.766601
1	0	19	0.0491	0	0:04:41.977343
2	0	13	0.0162	0	0:05:15.112340
3	0	9	0.00173	0	0:04:50.185486
4	0	0	0.0441	1	0:05:19.438432
5	0	8	0.0532	0	0:05:23.718669
6	1	1	0.0293	1	0:05:07.592239
7	1	19	0.0628	0	0:04:41.964011
8	1	13	0.0529	0	0:05:12.170004
9	1	-1	0.0	0	0:04:50.671189
10	1	0	0.12	0	0:05:16.297527
11	1	8	0.0016	0	0:05:25.633048
12	2	7	0.00859	0	0:05:07.109775
13	2	19	0.0829	0	0:04:42.023480
14	2	13	0.0112	0	0:05:11.192249
15	2	9	0.00185	0	0:04:50.672502
16	2	0	0.00299	0	0:05:15.492898
17	2	8	0.0506	0	0:05:20.306133
18	3	12	0.13	0	0:05:07.626735
19	3	19	0.0651	0	0:04:42.242401
20	3	3	0.00248	1	0:05:10.954040
21	3	1	0.00336	0	0:04:50.577542
22	3	12	0.0938	0	0:05:15.167922
23	3	3	0.0559	1	0:05:20.135031
24	4	1	0.0409	0	0:05:07.839075
25	4	19	0.0474	0	0:04:42.322730
26	4	13	0.0412	0	0:05:12.683336
27	4	9	0.0376	0	0:04:50.164791
28	4	-1	0.0	0	0:05:16.362786
29	4	8	0.0556	0	0:05:21.071927
30	5	7	0.13	0	0:05:06.599062
31	5	-1	0.0	0	0:04:41.642066
32	5	7	0.0664	0	0:05:11.713354
33	5	14	0.0267	0	0:04:50.319783
34	5	5	0.13	1	0:05:15.481746
35	5	5	0.111	1	0:05:20.775866
36	6	1	0.0185	0	0:05:05.551390
37	6	-1	0.0	0	0:04:39.550776
38	6	13	0.0249	0	0:05:09.775805
39	6	6	0.13	1	0:04:48.128240
40	6	6	0.104	1	0:05:14.042632
41	6	0	0.00488	0	0:05:19.974219
42	7	7	0.13	1	0:05:05.852416
43	7	19	0.0867	0	0:04:42.100643
44	7	7	0.13	1	0:05:10.445103
45	7	14	0.0551	0	0:04:50.314375
46	7	5	0.0447	0	0:05:14.378234
47	7	-1	0.0	0	0:05:19.343745
48	8	1	0.00198	0	0:05:07.424256
49	8	19	0.0265	0	0:04:42.171372
50	8	13	0.0117	0	0:05:12.377186
51	8	9	0.0274	0	0:04:50.559819
52	8	19	0.00794	0	0:05:16.544991
53	8	8	0.0791	1	0:05:21.493690
54	9	1	0.0431	0	0:05:08.695811
55	9	19	0.086	0	0:04:42.280076
56	9	13	0.0513	0	0:05:11.965419
57	9	9	0.0185	1	0:04:50.741304
58	9	19	0.0561	0	0:05:16.457047
59	9	8	0.0332	0	0:05:21.576390
60	10	12	0.13	0	0:05:04.367129
61	10	19	0.0331	0	0:04:44.182699
62	10	10	0.0611	1	0:05:09.368080
63	10	12	0.0616	0	0:04:52.463129
64	10	10	0.13	1	0:05:14.938950
65	10	10	0.13	1	0:05:18.437237
66	11	11	0.13	1	0:05:00.402322
67	11	19	0.0491	0	0:04:41.845679
68	11	11	0.13	1	0:05:04.460933
69	11	1	0.109	0	0:04:50.755889
70	11	11	0.13	1	0:05:09.010765
71	11	11	0.13	1	0:05:14.646978
72	12	12	0.13	1	0:05:05.688697
73	12	-1	0.0	0	0:04:42.592274
74	12	-1	0.0	0	0:05:10.967673
75	12	-1	0.0	0	0:04:51.377566
76	12	12	0.13	1	0:05:14.365473
77	12	12	0.12	1	0:05:20.188357
78	13	1	0.0112	0	0:05:07.299395
79	13	19	0.039	0	0:04:42.116701
80	13	13	0.0192	1	0:05:11.857712
81	13	9	0.0262	0	0:04:50.184865
82	13	19	0.0178	0	0:05:15.842240
83	13	8	0.0829	0	0:05:21.090972
84	14	7	0.0847	0	0:05:06.805228
85	14	19	0.13	0	0:04:42.575239
86	14	13	0.0511	0	0:05:10.961879
87	14	14	0.0316	1	0:04:50.966534
88	14	19	0.0453	0	0:05:14.451065
89	14	0	0.0277	0	0:05:19.788698
90	15	-1	0.0	0	0:05:08.102309
91	15	15	0.00603	1	0:04:42.120178
92	15	13	0.0176	0	0:05:12.015681
93	15	9	0.0184	0	0:04:50.205404
94	15	19	0.0109	0	0:05:15.618912
95	15	8	0.0757	0	0:05:21.390688
96	16	7	0.13	0	0:05:05.713963
97	16	19	0.0511	0	0:04:41.277559
98	16	-1	0.0	0	0:05:10.784148
99	16	-1	0.0	0	0:04:49.727726
100	16	19	0.0146	0	0:05:15.109889
101	16	16	0.0457	1	0:05:19.966440
102	17	12	0.111	0	0:05:07.810375
103	17	-1	0.0	0	0:04:41.830817
104	17	13	0.0744	0	0:05:12.130439
105	17	17	0.124	1	0:04:51.033313
106	17	-1	0.0	0	0:05:16.810699
107	17	12	0.0239	0	0:05:20.997764
108	18	7	0.0912	0	0:05:07.304265
109	18	19	0.0748	0	0:04:41.752730
110	18	18	0.0426	1	0:05:11.730487
111	18	14	0.0382	0	0:04:50.398088
112	18	5	0.0731	0	0:05:16.017958
113	18	5	0.111	0	0:05:21.385888
114	19	7	0.0829	0	0:05:07.984657
115	19	19	0.13	1	0:04:42.531516
116	19	-1	0.0	0	0:05:12.674703
117	19	14	0.0412	0	0:04:50.557903
118	19	19	0.0502	1	0:05:16.505571
119	19	8	0.0561	0	0:05:21.557631
