idx	label	predict	radius	correct	time
0	0	1	0.0707	0	0:05:30.427538
1	0	19	0.0294	0	0:04:58.227412
2	0	-1	0.0	0	0:05:32.142432
3	0	14	0.0692	0	0:05:07.081303
4	0	0	0.0321	1	0:05:31.899263
5	0	8	0.13	0	0:05:27.089563
6	1	1	0.13	1	0:05:26.482096
7	1	19	0.13	0	0:04:58.345161
8	1	13	0.0525	0	0:05:30.909738
9	1	1	0.0912	1	0:05:34.354574
10	1	0	0.13	0	0:06:20.699232
11	1	8	0.0222	0	0:06:23.283905
12	2	7	0.00072	0	0:05:55.438235
13	2	19	0.13	0	0:05:26.859625
14	2	-1	0.0	0	0:06:00.556437
15	2	14	0.0771	0	0:05:35.370353
16	2	2	0.0418	1	0:06:26.437007
17	2	8	0.0977	0	0:06:11.895624
18	3	12	0.13	0	0:05:58.861105
19	3	19	0.13	0	0:05:24.270571
20	3	3	0.0534	1	0:05:56.932945
21	3	1	0.0625	0	0:05:34.376442
22	3	12	0.13	0	0:05:59.534374
23	3	3	0.13	1	0:06:08.822305
24	4	1	0.13	0	0:05:56.233214
25	4	19	0.104	0	0:05:23.115238
26	4	13	0.0229	0	0:05:54.212163
27	4	9	0.0382	0	0:05:29.444612
28	4	9	0.0896	0	0:06:01.552027
29	4	8	0.13	0	0:06:10.149956
30	5	7	0.13	0	0:05:47.428523
31	5	5	0.0707	1	0:05:26.090567
32	5	7	0.13	0	0:06:03.729812
33	5	14	0.13	0	0:05:35.443357
34	5	5	0.13	1	0:06:06.502255
35	5	5	0.13	1	0:06:11.067991
36	6	1	0.0731	0	0:05:56.151812
37	6	15	0.0664	0	0:05:22.409701
38	6	13	0.0657	0	0:05:54.531437
39	6	6	0.13	1	0:05:33.518657
40	6	6	0.13	1	0:05:57.369807
41	6	0	0.109	0	0:06:00.375680
42	7	7	0.13	1	0:05:47.326822
43	7	19	0.13	0	0:05:25.241103
44	7	7	0.13	1	0:06:10.063116
45	7	14	0.13	0	0:05:35.193021
46	7	5	0.13	0	0:06:00.918409
47	7	5	0.00261	0	0:06:01.799955
48	8	1	0.042	0	0:05:52.891291
49	8	15	0.0149	0	0:05:23.209484
50	8	13	0.0414	0	0:06:03.337580
51	8	9	0.0583	0	0:05:42.643388
52	8	19	0.004	0	0:06:15.708910
53	8	8	0.13	1	0:06:08.016864
54	9	1	0.13	0	0:05:58.422709
55	9	19	0.13	0	0:05:33.618911
56	9	13	0.0414	0	0:06:05.428427
57	9	9	0.0101	1	0:05:31.889722
58	9	19	0.124	0	0:06:13.472885
59	9	8	0.124	0	0:06:17.901808
60	10	12	0.13	0	0:06:08.418279
61	10	15	0.0324	0	0:05:41.982388
62	10	10	0.13	1	0:06:09.938734
63	10	12	0.13	0	0:05:53.354990
64	10	10	0.13	1	0:07:00.083617
65	10	10	0.13	1	0:06:54.991855
66	11	11	0.13	1	0:06:29.306263
67	11	19	0.13	0	0:06:05.119232
68	11	11	0.13	1	0:06:36.698275
69	11	1	0.13	0	0:06:22.073527
70	11	11	0.13	1	0:06:36.380693
71	11	11	0.13	1	0:06:42.781340
72	12	12	0.13	1	0:06:37.560726
73	12	15	0.00975	0	0:06:30.413869
74	12	19	0.0362	0	0:06:59.591835
75	12	1	0.000594	0	0:06:35.994881
76	12	12	0.13	1	0:07:02.301029
77	12	12	0.13	1	0:07:08.836228
78	13	1	0.0511	0	0:06:56.556658
79	13	15	0.00782	0	0:06:24.081769
80	13	13	0.0346	1	0:07:01.825735
81	13	9	0.0577	0	0:06:43.086327
82	13	19	0.00552	0	0:07:12.889977
83	13	8	0.13	0	0:07:14.060222
84	14	7	0.13	0	0:06:57.823500
85	14	19	0.13	0	0:06:27.263954
86	14	13	0.13	0	0:07:07.425704
87	14	14	0.13	1	0:06:28.767496
88	14	19	0.0407	0	0:06:56.323424
89	14	0	0.0657	0	0:06:57.698266
90	15	1	0.031	0	0:06:45.183842
91	15	15	0.1	1	0:06:14.868174
92	15	13	0.00743	0	0:06:55.430187
93	15	9	0.0588	0	0:06:18.343959
94	15	19	0.0351	0	0:06:55.768953
95	15	8	0.13	0	0:06:58.544077
96	16	7	0.13	0	0:06:35.035343
97	16	15	0.00884	0	0:06:09.080688
98	16	7	0.058	0	0:06:50.219396
99	16	14	0.0428	0	0:06:18.955149
100	16	19	0.0122	0	0:06:51.410829
101	16	16	0.0588	1	0:07:11.803241
102	17	12	0.13	0	0:06:43.203794
103	17	12	0.00147	0	0:06:12.553990
104	17	13	0.13	0	0:06:52.303753
105	17	17	0.13	1	0:06:23.908056
106	17	6	0.13	0	4:02:46.931425
107	17	12	0.0791	0	0:06:44.001971
108	18	7	0.13	0	0:06:31.593890
109	18	19	0.0977	0	0:05:55.783501
110	18	18	0.13	1	0:41:09.605870
111	18	14	0.13	0	0:06:02.033688
112	18	5	0.13	0	0:06:40.305031
113	18	5	0.13	0	0:06:53.199696
114	19	7	0.13	0	0:06:39.424333
115	19	19	0.13	1	0:05:57.656255
116	19	19	0.0243	1	0:06:41.447005
117	19	14	0.13	0	0:06:10.801890
118	19	19	0.0285	1	0:06:40.911499
119	19	8	0.13	0	0:06:58.892291
