idx	label	predict	radius	correct	time
0	0	1	0.0129	0	0:05:01.159799
1	0	19	0.00216	0	0:04:57.714930
2	0	13	0.00297	0	0:05:22.463629
3	0	14	0.0182	0	0:04:59.369191
4	0	0	0.0134	1	0:05:08.387754
5	0	8	0.00398	0	0:05:10.014338
6	1	1	0.0195	1	0:04:59.036967
7	1	19	0.0181	0	0:04:57.421820
8	1	13	0.00463	0	0:05:21.695707
9	1	-1	0.0	0	0:04:57.692378
10	1	0	0.0218	0	0:05:07.434463
11	1	8	0.00167	0	0:05:17.575277
12	2	1	0.00126	0	0:04:57.903007
13	2	19	0.0159	0	0:04:58.020422
14	2	19	0.00303	0	0:05:19.660627
15	2	14	0.0184	0	0:04:59.218908
16	2	2	0.00678	1	0:05:20.041193
17	2	8	0.0119	0	0:05:09.743674
18	3	12	0.026	0	0:04:56.853067
19	3	19	0.0188	0	0:04:57.536844
20	3	3	0.0107	1	0:05:18.974791
21	3	14	0.003	0	0:05:01.482511
22	3	12	0.0181	0	0:05:10.405353
23	3	3	0.0215	1	0:05:17.444037
24	4	1	0.0233	0	0:05:09.266937
25	4	19	0.0114	0	0:05:06.898221
26	4	13	0.00407	0	0:05:30.822693
27	4	14	0.00947	0	0:05:11.413315
28	4	-1	0.0	0	0:05:23.514418
29	4	8	0.00956	0	0:05:27.446407
30	5	7	0.026	0	0:05:12.246057
31	5	5	0.00407	1	0:05:11.082694
32	5	7	0.0205	0	0:05:35.497854
33	5	14	0.0195	0	0:05:14.880262
34	5	5	0.026	1	0:05:25.473949
35	5	5	0.02	1	0:05:29.208385
36	6	1	0.0157	0	0:05:24.144636
37	6	15	0.00136	0	0:05:33.859575
38	6	13	0.0131	0	0:05:58.464136
39	6	6	0.026	1	0:05:29.975324
40	6	6	0.026	1	0:05:41.329988
41	6	0	0.00832	0	0:05:43.619641
42	7	7	0.026	1	0:05:30.148941
43	7	19	0.0188	0	0:05:30.913053
44	7	7	0.026	1	0:05:52.148381
45	7	14	0.0248	0	0:05:25.896685
46	7	5	0.026	0	0:05:34.758488
47	7	5	0.0126	0	0:05:37.173129
48	8	1	0.00432	0	0:05:25.935338
49	8	15	0.00668	0	0:05:25.862622
50	8	13	0.00567	0	0:05:49.808039
51	8	14	0.00421	0	0:05:26.516510
52	8	0	0.00131	0	0:05:37.413398
53	8	8	0.0128	1	0:05:39.028721
54	9	1	0.0218	0	0:05:26.442527
55	9	19	0.0154	0	0:05:27.078588
56	9	13	0.00519	0	0:05:52.048903
57	9	14	0.0131	0	0:05:27.545040
58	9	19	0.0239	0	0:05:38.402363
59	9	8	0.00276	0	0:05:39.126122
60	10	12	0.026	0	0:05:23.278680
61	10	15	0.00739	0	0:05:25.345994
62	10	10	0.026	1	0:05:46.638807
63	10	12	0.00398	0	0:05:28.422402
64	10	10	0.026	1	0:05:31.924587
65	10	10	0.026	1	0:05:33.562660
66	11	11	0.026	1	0:05:18.230073
67	11	19	0.0111	0	0:05:26.038247
68	11	11	0.026	1	0:05:44.626082
69	11	1	0.026	0	0:05:30.526658
70	11	11	0.026	1	0:05:32.648855
71	11	11	0.026	1	0:05:38.359633
72	12	12	0.026	1	0:05:29.981744
73	12	15	0.0057	0	0:05:31.288789
74	12	19	0.00525	0	0:05:53.333160
75	12	12	0.00629	1	0:05:30.670799
76	12	12	0.0218	1	0:05:36.312153
77	12	12	0.026	1	0:05:38.246113
78	13	1	0.00678	0	0:05:29.305822
79	13	15	0.00543	0	0:05:27.199008
80	13	13	0.00522	1	0:05:51.588791
81	13	14	0.00221	0	0:05:26.711438
82	13	0	0.00128	0	0:05:38.339778
83	13	8	0.0167	0	0:05:40.061556
84	14	7	0.026	0	0:05:24.146199
85	14	19	0.0179	0	0:05:25.303679
86	14	13	0.0145	0	0:05:49.829001
87	14	14	0.0215	1	0:05:29.306143
88	14	19	0.00652	0	0:05:35.820484
89	14	0	0.00681	0	0:05:41.029738
90	15	1	0.00273	0	0:05:28.586231
91	15	15	0.0193	1	0:05:26.451901
92	15	13	0.00151	0	0:05:51.870780
93	15	-1	0.0	0	0:05:27.467314
94	15	0	0.0046	0	0:05:37.942474
95	15	8	0.0165	0	0:05:39.794914
96	16	7	0.026	0	0:05:26.619344
97	16	15	0.00409	0	0:05:25.278639
98	16	7	0.00313	0	0:05:49.327869
99	16	14	0.00626	0	0:05:25.963680
100	16	16	0.00368	1	0:05:37.037126
101	16	16	0.00675	1	0:05:39.086928
102	17	12	0.026	0	0:05:25.436272
103	17	12	0.00324	0	0:05:24.786926
104	17	13	0.00668	0	0:05:49.110132
105	17	17	0.015	1	0:05:26.050495
106	17	6	0.026	0	0:05:36.889388
107	17	12	0.0233	0	0:05:37.979406
108	18	7	0.026	0	0:05:24.595841
109	18	19	0.00742	0	0:05:24.396259
110	18	18	0.00722	1	0:05:49.917521
111	18	14	0.0233	0	0:05:27.726283
112	18	5	0.026	0	0:05:39.720683
113	18	5	0.015	0	0:05:41.501364
114	19	7	0.026	0	0:05:29.228865
115	19	19	0.0189	1	0:05:28.220788
116	19	19	0.00525	1	0:05:55.311432
117	19	14	0.0211	0	0:05:30.553497
118	19	19	0.00128	1	0:05:38.888756
119	19	8	0.00501	0	0:05:39.606600
