idx	label	predict	radius	correct	time
0	0	1	0.0321	0	0:34:51.009021
1	0	15	0.0139	0	0:35:30.966848
2	0	13	0.0272	0	0:38:09.141958
3	0	14	0.0321	0	0:33:57.781971
4	0	0	0.0321	1	0:35:02.153001
5	0	8	0.0311	0	0:35:14.070653
6	1	1	0.0321	1	0:33:59.007084
7	1	19	0.0321	0	0:33:49.429785
8	1	13	0.0321	0	0:36:28.358001
9	1	14	0.00549	0	0:33:52.474962
10	1	0	0.0321	0	0:34:59.099752
11	1	8	0.0101	0	0:35:05.716182
12	2	1	0.0281	0	0:33:52.741143
13	2	19	0.0321	0	0:33:47.612411
14	2	19	0.0198	0	0:36:19.119089
15	2	14	0.0321	0	0:33:57.098992
16	2	2	0.0321	1	0:34:52.896996
17	2	8	0.0321	0	0:35:06.997329
18	3	12	0.0321	0	0:33:46.006335
19	3	19	0.0321	0	0:33:46.915978
20	3	3	0.0321	1	0:36:17.605857
21	3	14	0.0149	0	0:33:55.268299
22	3	12	0.0321	0	0:34:46.089590
23	3	3	0.026	1	0:05:14.000383
24	4	1	0.026	0	0:05:00.628952
25	4	19	0.026	0	0:04:57.531053
26	4	13	0.026	0	0:05:21.243232
27	4	14	0.0181	0	0:04:58.701663
28	4	-1	0.0	0	0:05:08.026698
29	4	8	0.026	0	0:05:10.670732
30	5	7	0.026	0	0:04:58.374547
31	5	5	0.026	1	0:04:56.106426
32	5	7	0.026	0	0:05:19.557803
33	5	14	0.026	0	0:04:57.804794
34	5	5	0.026	1	0:05:06.084550
35	5	5	0.026	1	0:05:08.244260
36	6	1	0.026	0	0:04:55.249075
37	6	15	0.00351	0	0:04:54.335341
38	6	13	0.026	0	0:05:17.631649
39	6	6	0.026	1	0:04:55.359267
40	6	6	0.026	1	0:05:04.784101
41	6	0	0.026	0	0:05:07.154218
42	7	7	0.026	1	0:04:55.767957
43	7	19	0.026	0	0:04:56.327055
44	7	7	0.026	1	0:05:19.226854
45	7	14	0.026	0	0:04:57.660256
46	7	5	0.026	0	0:05:05.897639
47	7	5	0.026	0	0:05:07.582914
48	8	1	0.026	0	0:04:59.038252
49	8	15	0.026	0	0:04:58.061953
50	8	13	0.026	0	0:05:21.087906
51	8	14	0.00216	0	0:04:58.813795
52	8	0	0.0239	0	0:05:09.315227
53	8	8	0.026	1	0:05:09.469701
54	9	1	0.026	0	0:04:59.264079
55	9	19	0.026	0	0:04:57.535617
56	9	13	0.026	0	0:05:20.951088
57	9	14	0.026	0	0:04:58.825711
58	9	19	0.026	0	0:05:09.496814
59	9	8	0.0248	0	0:05:09.328308
60	10	12	0.026	0	0:04:55.441041
61	10	15	0.026	0	0:04:57.159867
62	10	10	0.026	1	0:05:17.721638
63	10	12	0.00543	0	0:05:00.143551
64	10	10	0.026	1	0:05:03.922881
65	10	10	0.026	1	0:05:05.302951
66	11	11	0.026	1	0:04:50.605869
67	11	19	0.026	0	0:04:55.894632
68	11	11	0.026	1	0:05:12.896978
69	11	1	0.026	0	0:04:58.868227
70	11	11	0.026	1	0:05:00.325426
71	11	11	0.026	1	0:05:03.848894
72	12	12	0.026	1	0:04:57.574674
73	12	15	0.026	0	0:04:58.304262
74	12	19	0.0218	0	0:05:19.632266
75	12	12	0.02	1	0:04:59.662604
76	12	12	0.026	1	0:05:06.413655
77	12	12	0.026	1	0:05:07.544446
78	13	1	0.026	0	0:04:59.440509
79	13	15	0.026	0	0:04:57.341680
80	13	13	0.026	1	0:05:22.145317
81	13	-1	0.0	0	0:04:58.798691
82	13	0	0.0203	0	0:05:08.306538
83	13	8	0.026	0	0:05:09.540247
84	14	7	0.026	0	0:04:57.301802
85	14	19	0.026	0	0:04:55.961716
86	14	13	0.026	0	0:05:19.614394
87	14	14	0.026	1	0:04:59.347239
88	14	19	0.000471	0	0:05:06.900288
89	14	0	0.026	0	0:05:08.360410
90	15	1	0.026	0	0:04:59.063618
91	15	15	0.026	1	0:04:57.367177
92	15	13	0.0248	0	0:05:20.992620
93	15	9	0.00172	0	0:04:58.587344
94	15	0	0.026	0	0:05:08.125690
95	15	8	0.026	0	0:05:09.502183
96	16	7	0.026	0	0:04:58.025278
97	16	15	0.026	0	0:04:57.776634
98	16	7	0.026	0	0:05:20.774920
99	16	14	0.026	0	0:04:58.201549
100	16	16	0.0138	1	0:05:08.032553
101	16	16	0.026	1	0:05:10.160058
102	17	12	0.026	0	0:04:58.176196
103	17	12	0.026	0	0:04:58.304655
104	17	13	0.026	0	0:05:20.303428
105	17	17	0.0248	1	0:04:58.356581
106	17	6	0.026	0	0:05:08.012108
107	17	12	0.026	0	0:05:09.317076
108	18	7	0.026	0	0:04:57.290039
109	18	19	0.026	0	0:04:56.398193
110	18	18	0.026	1	0:05:20.263277
111	18	14	0.026	0	0:04:57.703616
112	18	5	0.026	0	0:05:07.819602
113	18	5	0.026	0	0:05:09.258744
114	19	7	0.026	0	0:04:59.010403
115	19	19	0.026	1	0:04:56.937191
116	19	19	0.026	1	0:05:21.632435
117	19	14	0.026	0	0:04:58.788332
118	19	5	0.0138	0	0:05:08.738608
119	19	8	0.026	0	0:05:10.027764
