idx	label	predict	radius	correct	time
0	0	1	0.26	0	0:05:03.739103
1	0	15	0.124	0	0:04:58.394752
2	0	13	0.233	0	0:05:23.777568
3	0	14	0.26	0	0:05:00.066923
4	0	0	0.26	1	0:05:08.868527
5	0	8	0.26	0	0:05:11.168596
6	1	1	0.26	1	0:04:58.767110
7	1	19	0.26	0	0:04:58.466904
8	1	13	0.26	0	0:05:22.223571
9	1	14	0.0564	0	0:04:59.792992
10	1	0	0.26	0	0:05:08.437917
11	1	8	0.0886	0	0:05:11.018239
12	2	1	0.26	0	0:04:59.501975
13	2	19	0.26	0	0:04:58.525089
14	2	19	0.191	0	0:05:21.042349
15	2	14	0.26	0	0:04:59.930231
16	2	2	0.26	1	0:05:08.302087
17	2	8	0.26	0	0:05:10.511188
18	3	12	0.26	0	0:04:57.808813
19	3	19	0.26	0	0:04:58.127581
20	3	3	0.26	1	0:05:20.218692
21	3	14	0.129	0	0:04:59.476408
22	3	12	0.26	0	0:05:06.380529
23	3	3	0.26	1	0:05:08.854710
24	4	1	0.26	0	0:05:01.798799
25	4	19	0.26	0	0:04:58.795413
26	4	13	0.26	0	0:05:21.511644
27	4	14	0.195	0	0:04:59.622794
28	4	-1	0.0	0	0:05:08.777355
29	4	8	0.26	0	0:05:11.161572
30	5	7	0.26	0	0:04:58.834347
31	5	5	0.26	1	0:04:56.881050
32	5	7	0.26	0	0:05:20.424547
33	5	14	0.26	0	0:04:58.520209
34	5	5	0.26	1	0:05:06.826818
35	5	5	0.26	1	0:05:08.862501
36	6	1	0.26	0	0:04:55.367227
37	6	15	0.0407	0	0:04:55.129582
38	6	13	0.26	0	0:05:18.006661
39	6	6	0.26	1	0:04:56.137306
40	6	6	0.26	1	0:05:05.469247
41	6	0	0.26	0	0:05:07.569613
42	7	7	0.26	1	0:04:55.928903
43	7	19	0.26	0	0:04:57.176581
44	7	7	0.26	1	0:05:19.566751
45	7	14	0.26	0	0:04:58.650588
46	7	5	0.26	0	0:05:06.253836
47	7	5	0.26	0	0:05:08.757482
48	8	1	0.26	0	0:04:59.628437
49	8	15	0.26	0	0:04:59.031339
50	8	13	0.26	0	0:05:21.921311
51	8	14	0.0234	0	0:05:00.145237
52	8	0	0.239	0	0:05:10.149144
53	8	8	0.26	1	0:05:09.700298
54	9	1	0.26	0	0:04:59.582994
55	9	19	0.26	0	0:04:58.449747
56	9	13	0.26	0	0:05:21.769343
57	9	14	0.26	0	0:05:00.017878
58	9	19	0.26	0	0:05:09.998297
59	9	8	0.26	0	0:05:09.664315
60	10	12	0.26	0	0:04:55.933652
61	10	15	0.26	0	0:04:58.399441
62	10	10	0.26	1	0:05:17.834182
63	10	12	0.0555	0	0:05:00.850670
64	10	10	0.26	1	0:05:04.668754
65	10	10	0.26	1	0:05:05.598734
66	11	11	0.26	1	0:04:51.172329
67	11	19	0.26	0	0:04:56.412257
68	11	11	0.26	1	0:05:13.484524
69	11	1	0.26	0	0:04:59.695608
70	11	11	0.26	1	0:05:00.149235
71	11	11	0.26	1	0:05:04.479457
72	12	12	0.26	1	0:04:57.500108
73	12	15	0.26	0	0:04:59.391958
74	12	19	0.208	0	0:05:19.899483
75	12	12	0.198	1	0:05:00.648272
76	12	12	0.26	1	0:05:06.566074
77	12	12	0.26	1	0:05:08.109343
78	13	1	0.26	0	0:05:00.002587
79	13	15	0.26	0	0:04:58.171926
80	13	13	0.26	1	0:05:23.522690
81	13	-1	0.0	0	0:05:01.449563
82	13	0	0.2	0	0:05:12.349376
83	13	8	0.26	0	0:05:10.653573
84	14	7	0.26	0	0:04:58.639680
85	14	19	0.26	0	0:04:57.223539
86	14	13	0.26	0	0:05:20.400679
87	14	14	0.26	1	0:05:02.274451
88	14	19	0.000937	0	0:05:08.460075
89	14	0	0.26	0	0:05:09.594688
90	15	1	0.26	0	0:05:00.158569
91	15	15	0.26	1	0:04:59.400651
92	15	13	0.26	0	0:05:21.659910
93	15	9	0.0169	0	0:04:59.306815
94	15	0	0.26	0	0:05:08.017086
95	15	8	0.26	0	0:05:10.400005
96	16	7	0.26	0	0:05:01.467096
97	16	15	0.248	0	0:05:01.764337
98	16	7	0.26	0	0:05:25.255163
99	16	14	0.26	0	0:05:08.781917
100	16	16	0.129	1	0:05:08.929542
101	16	16	0.26	1	0:05:17.867057
102	17	12	0.26	0	0:05:08.143598
103	17	12	0.26	0	0:05:04.417613
104	17	13	0.26	0	0:05:22.562703
105	17	17	0.26	1	0:05:02.648143
106	17	6	0.26	0	0:05:14.117892
107	17	12	0.26	0	0:05:13.902344
108	18	7	0.26	0	0:04:57.858112
109	18	19	0.26	0	0:04:57.849366
110	18	18	0.26	1	0:05:21.183677
111	18	14	0.26	0	0:04:58.682134
112	18	5	0.26	0	0:05:08.899282
113	18	5	0.26	0	0:05:13.234188
114	19	7	0.26	0	0:04:59.921486
115	19	19	0.26	1	0:05:00.476362
116	19	19	0.26	1	0:05:28.306277
117	19	14	0.26	0	0:05:06.943323
118	19	5	0.145	0	0:05:18.327161
119	19	8	0.26	0	0:05:13.087463
