idx	label	predict	radius	correct	time
0	0	1	0.126	0	0:05:03.574230
1	0	19	0.0133	0	0:04:59.085222
2	0	13	0.0418	0	0:05:23.693938
3	0	14	0.178	0	0:05:00.013323
4	0	0	0.138	1	0:05:08.055872
5	0	8	0.0429	0	0:05:11.118428
6	1	1	0.195	1	0:04:58.835666
7	1	19	0.191	0	0:04:58.452995
8	1	13	0.0452	0	0:05:20.714986
9	1	-1	0.0	0	0:04:58.364556
10	1	0	0.215	0	0:05:06.775097
11	1	8	0.0108	0	0:05:08.596791
12	2	1	0.00774	0	0:04:56.682169
13	2	19	0.16	0	0:04:57.407495
14	2	19	0.0346	0	0:05:19.697531
15	2	14	0.181	0	0:04:57.967400
16	2	2	0.0671	1	0:05:06.674306
17	2	8	0.115	0	0:05:08.842223
18	3	12	0.26	0	0:04:56.225970
19	3	19	0.198	0	0:04:57.094567
20	3	3	0.1	1	0:05:18.317962
21	3	14	0.0418	0	0:04:57.954728
22	3	12	0.176	0	0:05:05.265316
23	3	3	0.222	1	0:05:07.812400
24	4	1	0.26	0	0:04:59.202801
25	4	19	0.111	0	0:04:57.016777
26	4	13	0.0455	0	0:05:20.139268
27	4	14	0.0935	0	0:04:57.571342
28	4	-1	0.0	0	0:05:07.111663
29	4	8	0.0952	0	0:05:10.322830
30	5	7	0.26	0	0:04:57.218015
31	5	5	0.0449	1	0:04:55.341412
32	5	7	0.203	0	0:05:19.108046
33	5	14	0.215	0	0:04:57.083790
34	5	5	0.26	1	0:05:05.891107
35	5	5	0.193	1	0:05:08.002327
36	6	1	0.154	0	0:04:54.241683
37	6	15	0.0161	0	0:04:53.817683
38	6	13	0.122	0	0:05:17.131352
39	6	6	0.26	1	0:04:53.876820
40	6	6	0.26	1	0:05:04.155548
41	6	0	0.0878	0	0:05:06.191841
42	7	7	0.26	1	0:04:54.861052
43	7	19	0.188	0	0:04:55.627485
44	7	7	0.26	1	0:05:17.633874
45	7	14	0.227	0	0:04:57.163921
46	7	5	0.26	0	0:05:04.745188
47	7	5	0.131	0	0:05:07.388843
48	8	1	0.0401	0	0:04:58.059236
49	8	15	0.0665	0	0:04:57.481524
50	8	13	0.0567	0	0:05:20.586990
51	8	14	0.0303	0	0:04:58.797463
52	8	0	0.0169	0	0:05:08.985458
53	8	8	0.131	1	0:05:09.183071
54	9	1	0.218	0	0:04:57.985847
55	9	19	0.157	0	0:04:58.012698
56	9	13	0.0438	0	0:05:20.220105
57	9	14	0.136	0	0:04:57.941120
58	9	19	0.248	0	0:05:08.630887
59	9	8	0.0327	0	0:05:10.082101
60	10	12	0.26	0	0:04:55.181322
61	10	15	0.076	0	0:04:57.226560
62	10	10	0.26	1	0:05:16.476990
63	10	12	0.0289	0	0:04:59.525871
64	10	10	0.26	1	0:05:03.325166
65	10	10	0.26	1	0:05:05.214650
66	11	11	0.26	1	0:04:50.327400
67	11	19	0.0956	0	0:04:55.679557
68	11	11	0.26	1	0:05:11.575270
69	11	1	0.26	0	0:04:57.868470
70	11	11	0.26	1	0:04:59.284511
71	11	11	0.26	1	0:05:02.814303
72	12	12	0.26	1	0:04:55.895560
73	12	15	0.0455	0	0:04:57.623836
74	12	19	0.0546	0	0:05:18.619050
75	12	12	0.0582	1	0:04:59.031862
76	12	12	0.227	1	0:05:05.220372
77	12	12	0.26	1	0:05:07.173103
78	13	1	0.0639	0	0:04:58.269994
79	13	15	0.0552	0	0:04:57.009805
80	13	13	0.0478	1	0:05:20.870388
81	13	14	0.0185	0	0:04:57.887280
82	13	0	0.00521	0	0:05:07.428115
83	13	8	0.151	0	0:05:09.017357
84	14	7	0.26	0	0:04:56.147187
85	14	19	0.173	0	0:04:55.871364
86	14	13	0.15	0	0:05:18.190708
87	14	14	0.2	1	0:04:58.337071
88	14	19	0.0629	0	0:05:05.897693
89	14	0	0.081	0	0:05:08.071276
90	15	1	0.0252	0	0:04:58.089715
91	15	15	0.195	1	0:04:57.541850
92	15	13	0.0216	0	0:05:20.603610
93	15	14	0.00244	0	0:04:58.194798
94	15	0	0.0449	0	0:05:07.079544
95	15	8	0.16	0	0:05:09.113483
96	16	7	0.26	0	0:04:56.089362
97	16	15	0.0362	0	0:04:56.138379
98	16	7	0.0357	0	0:05:19.037526
99	16	14	0.0558	0	0:04:56.550500
100	16	16	0.0332	1	0:05:06.151983
101	16	16	0.0735	1	0:05:07.693173
102	17	12	0.26	0	0:04:56.810170
103	17	12	0.0415	0	0:04:56.077061
104	17	13	0.0588	0	0:05:19.885017
105	17	17	0.159	1	0:04:57.437777
106	17	6	0.26	0	0:05:07.693144
107	17	12	0.233	0	0:05:09.107899
108	18	7	0.26	0	0:04:56.712701
109	18	19	0.0749	0	0:04:55.768686
110	18	18	0.084	1	0:05:18.823266
111	18	14	0.222	0	0:04:57.203773
112	18	5	0.26	0	0:05:06.979369
113	18	5	0.155	0	0:05:08.736110
114	19	7	0.26	0	0:04:57.816139
115	19	19	0.178	1	0:04:57.231282
116	19	19	0.0567	1	0:05:20.844282
117	19	14	0.215	0	0:04:58.077378
118	19	19	0.00723	1	0:05:07.758585
119	19	8	0.0478	0	0:05:09.260109
