idx	label	predict	radius	correct	time
0	0	15	0.00261	0	0:04:33.583427
1	0	-1	0.0	0	0:03:43.893051
2	0	13	0.000409	0	0:04:28.803610
3	0	-1	0.0	0	0:03:53.134315
4	0	-1	0.0	0	0:04:12.036223
5	0	-1	0.0	0	0:04:36.083628
6	1	-1	0.0	0	0:04:26.387251
7	1	-1	0.0	0	0:03:43.013018
8	1	-1	0.0	0	0:04:23.051677
9	1	1	0.0124	1	0:03:54.757382
10	1	-1	0.0	0	0:04:12.262961
11	1	-1	0.0	0	0:04:32.859532
12	2	-1	0.0	0	0:04:28.553668
13	2	-1	0.0	0	0:03:40.240357
14	2	-1	0.0	0	0:04:25.660866
15	2	-1	0.0	0	0:03:54.370722
16	2	-1	0.0	0	0:04:12.021038
17	2	-1	0.0	0	0:04:30.604209
18	3	-1	0.0	0	0:04:23.444710
19	3	-1	0.0	0	0:03:42.072081
20	3	-1	0.0	0	0:04:22.566716
21	3	1	0.0106	0	0:03:53.570368
22	3	12	0.0196	0	0:04:10.487862
23	3	3	0.0336	1	0:04:33.095071
24	4	-1	0.0	0	0:04:27.998476
25	4	-1	0.0	0	0:03:42.454218
26	4	-1	0.0	0	0:04:23.159200
27	4	1	0.00559	0	0:03:50.750150
28	4	-1	0.0	0	0:04:12.009449
29	4	-1	0.0	0	0:04:32.911874
30	5	7	0.0134	0	0:04:25.948270
31	5	-1	0.0	0	0:03:42.104012
32	5	7	0.0234	0	0:04:28.607537
33	5	-1	0.0	0	0:03:53.381080
34	5	-1	0.0	0	0:04:11.311593
35	5	-1	0.0	0	0:04:31.604491
36	6	-1	0.0	0	0:04:24.145573
37	6	-1	0.0	0	0:03:39.568192
38	6	-1	0.0	0	0:04:25.656993
39	6	-1	0.0	0	0:03:50.280059
40	6	-1	0.0	0	0:04:09.945067
41	6	-1	0.0	0	0:04:30.114821
42	7	7	0.00459	1	0:04:23.042600
43	7	-1	0.0	0	0:03:39.638055
44	7	7	0.028	1	0:04:21.200922
45	7	-1	0.0	0	0:03:51.051856
46	7	-1	0.0	0	0:04:09.466584
47	7	-1	0.0	0	0:04:30.725225
48	8	-1	0.0	0	0:04:26.098260
49	8	-1	0.0	0	0:03:40.995552
50	8	13	0.00195	0	0:04:25.892138
51	8	-1	0.0	0	0:03:49.712608
52	8	-1	0.0	0	0:04:15.000875
53	8	-1	0.0	0	0:04:33.416488
54	9	-1	0.0	0	0:04:25.602961
55	9	-1	0.0	0	0:03:40.586890
56	9	-1	0.0	0	0:04:28.032184
57	9	-1	0.0	0	0:03:52.599405
58	9	-1	0.0	0	0:04:12.224182
59	9	-1	0.0	0	0:04:35.584829
60	10	-1	0.0	0	0:04:22.904281
61	10	-1	0.0	0	0:03:45.470671
62	10	-1	0.0	0	0:04:20.077299
63	10	-1	0.0	0	0:03:54.324260
64	10	10	0.0971	1	0:04:07.003969
65	10	10	0.0896	1	0:04:30.985367
66	11	11	0.114	1	0:04:18.857314
67	11	-1	0.0	0	0:03:42.175968
68	11	11	0.0734	1	0:04:18.580465
69	11	1	0.0114	0	0:03:53.730137
70	11	11	0.114	1	0:04:05.434954
71	11	11	0.114	1	0:04:26.761613
72	12	-1	0.0	0	0:04:26.177636
73	12	-1	0.0	0	0:03:41.350360
74	12	-1	0.0	0	0:04:24.372406
75	12	-1	0.0	0	0:03:54.377590
76	12	12	0.046	1	0:04:11.411531
77	12	12	0.0093	1	0:04:31.906017
78	13	-1	0.0	0	0:04:28.024084
79	13	-1	0.0	0	0:03:44.340825
80	13	-1	0.0	0	0:04:24.810958
81	13	-1	0.0	0	0:03:52.540768
82	13	-1	0.0	0	0:04:10.668710
83	13	-1	0.0	0	0:04:31.593540
84	14	-1	0.0	0	0:04:27.955533
85	14	-1	0.0	0	0:03:41.399632
86	14	15	0.00305	0	0:04:23.634607
87	14	-1	0.0	0	0:03:53.771193
88	14	-1	0.0	0	0:04:12.375297
89	14	-1	0.0	0	0:04:29.298513
90	15	-1	0.0	0	0:04:27.994730
91	15	-1	0.0	0	0:03:41.160603
92	15	-1	0.0	0	0:04:26.363527
93	15	-1	0.0	0	0:03:52.432115
94	15	-1	0.0	0	0:04:12.745369
95	15	-1	0.0	0	0:04:33.364663
96	16	-1	0.0	0	0:04:24.696084
97	16	-1	0.0	0	0:03:41.038339
98	16	7	0.0158	0	0:04:23.209149
99	16	-1	0.0	0	0:03:51.572015
100	16	16	0.014	1	0:04:12.438831
101	16	-1	0.0	0	0:04:29.403606
102	17	17	0.00862	1	0:04:27.043723
103	17	-1	0.0	0	0:03:40.741198
104	17	-1	0.0	0	0:04:25.871297
105	17	-1	0.0	0	0:03:51.079703
106	17	12	0.00862	0	0:04:11.770894
107	17	3	0.00704	0	0:04:32.926748
108	18	7	0.00173	0	0:04:25.518101
109	18	-1	0.0	0	0:03:41.267288
110	18	18	0.0057	1	0:04:23.422861
111	18	-1	0.0	0	0:03:52.244587
112	18	-1	0.0	0	0:04:11.315207
113	18	-1	0.0	0	0:04:30.577976
114	19	-1	0.0	0	0:04:27.880834
115	19	-1	0.0	0	0:03:42.334761
116	19	-1	0.0	0	0:04:23.488945
117	19	-1	0.0	0	0:03:53.357636
118	19	-1	0.0	0	0:04:14.884123
119	19	-1	0.0	0	0:04:31.274586
