idx	label	predict	radius	correct	time
0	0	-1	0.0	0	0:04:33.702080
1	0	-1	0.0	0	0:04:08.260300
2	0	-1	0.0	0	0:04:42.020721
3	0	-1	0.0	0	0:04:17.089609
4	0	-1	0.0	0	0:04:45.440629
5	0	19	0.012	0	0:04:46.870271
6	1	-1	0.0	0	0:04:31.776003
7	1	-1	0.0	0	0:04:09.565118
8	1	-1	0.0	0	0:04:33.319163
9	1	-1	0.0	0	0:04:11.281956
10	1	-1	0.0	0	0:04:39.724272
11	1	19	0.00628	0	0:04:46.697744
12	2	7	0.00324	0	0:04:28.714080
13	2	-1	0.0	0	0:04:05.917736
14	2	-1	0.0	0	0:04:31.507346
15	2	-1	0.0	0	0:04:12.983148
16	2	-1	0.0	0	0:04:40.015664
17	2	-1	0.0	0	0:04:42.910439
18	3	12	0.0326	0	0:04:30.997513
19	3	-1	0.0	0	0:04:09.028783
20	3	-1	0.0	0	0:04:34.088735
21	3	1	0.0112	0	0:04:17.789869
22	3	-1	0.0	0	0:04:44.198176
23	3	-1	0.0	0	0:04:47.844045
24	4	-1	0.0	0	0:04:37.845553
25	4	-1	0.0	0	0:04:06.394356
26	4	-1	0.0	0	0:04:40.610373
27	4	-1	0.0	0	0:04:13.046823
28	4	-1	0.0	0	0:04:42.760692
29	4	19	0.01	0	0:04:47.990289
30	5	7	0.0549	0	0:04:29.604297
31	5	7	0.0122	0	0:04:03.735588
32	5	7	0.05	0	0:04:35.677962
33	5	-1	0.0	0	0:04:15.821256
34	5	-1	0.0	0	0:04:32.966192
35	5	-1	0.0	0	0:04:36.192508
36	6	-1	0.0	0	0:04:21.335267
37	6	-1	0.0	0	0:03:58.479669
38	6	-1	0.0	0	0:04:26.827704
39	6	-1	0.0	0	0:04:09.041990
40	6	-1	0.0	0	0:04:42.814561
41	6	-1	0.0	0	0:04:41.564490
42	7	7	0.0529	1	0:04:36.850128
43	7	-1	0.0	0	0:04:22.653007
44	7	7	0.0591	1	0:04:37.455365
45	7	-1	0.0	0	0:04:12.829132
46	7	7	0.0339	1	0:04:46.823872
47	7	7	0.0227	1	0:04:53.591156
48	8	-1	0.0	0	0:04:36.932737
49	8	-1	0.0	0	0:04:12.581738
50	8	-1	0.0	0	0:04:33.265684
51	8	-1	0.0	0	0:04:16.195249
52	8	-1	0.0	0	0:04:46.416511
53	8	19	0.012	0	0:04:48.753607
54	9	-1	0.0	0	0:04:36.032591
55	9	-1	0.0	0	0:04:12.110057
56	9	-1	0.0	0	0:04:37.955358
57	9	-1	0.0	0	0:04:23.180543
58	9	-1	0.0	0	0:04:48.308711
59	9	19	0.00859	0	0:04:52.533810
60	10	12	0.00147	0	0:04:33.825846
61	10	-1	0.0	0	0:04:17.611418
62	10	-1	0.0	0	0:04:31.557385
63	10	-1	0.0	0	0:04:16.531756
64	10	10	0.0577	1	0:04:33.170855
65	10	-1	0.0	0	0:04:38.193710
66	11	11	0.0569	1	0:04:19.115531
67	11	-1	0.0	0	0:04:03.570942
68	11	11	0.0556	1	0:04:21.953399
69	11	1	0.0283	0	0:04:10.943583
70	11	11	0.0807	1	0:04:35.944903
71	11	11	0.0854	1	0:04:45.675549
72	12	12	0.021	1	0:04:30.997958
73	12	-1	0.0	0	0:04:07.473120
74	12	-1	0.0	0	0:04:42.828647
75	12	-1	0.0	0	0:04:21.232629
76	12	12	0.0194	1	0:04:34.409105
77	12	-1	0.0	0	0:04:44.301324
78	13	-1	0.0	0	0:04:36.811604
79	13	-1	0.0	0	0:04:08.889525
80	13	-1	0.0	0	0:04:36.525827
81	13	-1	0.0	0	0:04:21.885647
82	13	-1	0.0	0	0:04:46.166404
83	13	19	0.0138	0	0:04:50.625469
84	14	7	0.0135	0	0:04:44.573835
85	14	-1	0.0	0	0:04:14.667754
86	14	7	0.00705	0	0:04:41.275493
87	14	-1	0.0	0	0:04:14.387537
88	14	-1	0.0	0	0:04:40.508510
89	14	-1	0.0	0	0:04:43.381485
90	15	-1	0.0	0	0:04:35.351310
91	15	-1	0.0	0	0:04:14.254829
92	15	-1	0.0	0	0:04:38.607053
93	15	-1	0.0	0	0:04:16.212210
94	15	-1	0.0	0	0:04:47.650341
95	15	19	0.0198	0	0:04:58.157879
96	16	7	0.0294	0	0:04:25.058806
97	16	-1	0.0	0	0:04:03.972032
98	16	7	0.0867	0	0:04:45.495088
99	16	-1	0.0	0	0:04:18.127033
100	16	-1	0.0	0	0:04:46.096446
101	16	-1	0.0	0	0:04:47.069727
102	17	-1	0.0	0	0:04:29.512926
103	17	-1	0.0	0	0:04:05.754087
104	17	-1	0.0	0	0:04:29.453849
105	17	17	0.00501	1	0:04:17.383703
106	17	-1	0.0	0	0:04:37.032961
107	17	-1	0.0	0	0:04:40.868602
108	18	7	0.0383	0	0:04:27.148260
109	18	-1	0.0	0	0:04:03.476576
110	18	7	0.017	0	0:04:40.391991
111	18	18	0.00603	1	0:04:13.489900
112	18	7	0.00286	0	0:04:45.410889
113	18	-1	0.0	0	0:04:51.078919
114	19	-1	0.0	0	0:04:32.370454
115	19	-1	0.0	0	0:04:14.526194
116	19	-1	0.0	0	0:04:39.579441
117	19	-1	0.0	0	0:04:15.480022
118	19	-1	0.0	0	0:04:46.821266
119	19	19	0.00988	1	0:04:49.886335
