idx	label	predict	radius	correct	time
0	0	-1	0.0	0	0:01:51.755240
1	0	-1	0.0	0	0:01:44.747216
2	0	-1	0.0	0	0:01:57.037737
3	0	-1	0.0	0	0:01:46.117141
4	0	-1	0.0	0	0:01:53.789356
5	0	-1	0.0	0	0:01:56.983493
6	1	-1	0.0	0	0:01:55.268595
7	1	-1	0.0	0	0:01:43.443730
8	1	-1	0.0	0	0:01:55.233182
9	1	1	0.0036	1	0:01:46.842905
10	1	-1	0.0	0	0:01:53.240640
11	1	-1	0.0	0	0:01:53.316489
12	2	-1	0.0	0	0:01:49.364115
13	2	-1	0.0	0	0:01:43.664530
14	2	-1	0.0	0	0:02:01.289179
15	2	-1	0.0	0	0:01:50.784472
16	2	-1	0.0	0	0:01:54.599836
17	2	-1	0.0	0	0:01:55.015914
18	3	-1	0.0	0	0:01:52.020815
19	3	-1	0.0	0	0:01:42.017136
20	3	-1	0.0	0	0:01:50.556459
21	3	1	0.00548	0	0:01:47.589237
22	3	-1	0.0	0	0:01:47.738962
23	3	-1	0.0	0	0:01:52.664167
24	4	-1	0.0	0	0:01:49.489126
25	4	-1	0.0	0	0:01:46.394964
26	4	-1	0.0	0	0:02:03.629837
27	4	1	0.00129	0	0:01:42.861906
28	4	-1	0.0	0	0:01:52.843948
29	4	-1	0.0	0	0:02:00.449133
30	5	-1	0.0	0	0:01:54.455853
31	5	-1	0.0	0	0:01:46.306187
32	5	-1	0.0	0	0:01:56.010259
33	5	-1	0.0	0	0:01:46.555677
34	5	-1	0.0	0	0:01:51.600370
35	5	-1	0.0	0	0:01:54.482524
36	6	-1	0.0	0	0:01:50.358580
37	6	-1	0.0	0	0:01:40.130447
38	6	-1	0.0	0	0:01:57.880247
39	6	-1	0.0	0	0:01:45.475146
40	6	-1	0.0	0	0:01:52.933381
41	6	-1	0.0	0	0:01:58.017610
42	7	-1	0.0	0	0:01:54.125345
43	7	-1	0.0	0	0:01:48.335175
44	7	-1	0.0	0	0:01:53.465321
45	7	-1	0.0	0	0:01:43.060884
46	7	-1	0.0	0	0:01:52.737052
47	7	-1	0.0	0	0:01:55.758456
48	8	-1	0.0	0	0:01:50.813001
49	8	-1	0.0	0	0:01:41.382164
50	8	-1	0.0	0	0:01:59.912544
51	8	-1	0.0	0	0:01:43.183609
52	8	-1	0.0	0	0:01:48.178595
53	8	-1	0.0	0	0:01:54.856641
54	9	-1	0.0	0	0:01:47.075074
55	9	-1	0.0	0	0:01:41.133625
56	9	-1	0.0	0	0:01:47.006232
57	9	-1	0.0	0	0:01:49.419854
58	9	-1	0.0	0	0:01:52.520141
59	9	-1	0.0	0	0:01:56.650125
60	10	-1	0.0	0	0:01:55.015079
61	10	-1	0.0	0	0:01:43.259367
62	10	-1	0.0	0	0:01:55.411001
63	10	-1	0.0	0	0:01:48.342854
64	10	-1	0.0	0	0:01:51.406403
65	10	-1	0.0	0	0:02:00.278615
66	11	-1	0.0	0	0:01:51.250646
67	11	-1	0.0	0	0:01:45.245322
68	11	-1	0.0	0	0:01:50.682880
69	11	1	0.00671	0	0:01:42.165708
70	11	-1	0.0	0	0:01:54.604778
71	11	-1	0.0	0	0:01:56.817255
72	12	-1	0.0	0	0:01:55.825920
73	12	-1	0.0	0	0:01:46.957941
74	12	-1	0.0	0	0:01:51.526154
75	12	-1	0.0	0	0:01:47.239318
76	12	-1	0.0	0	0:01:55.879621
77	12	-1	0.0	0	0:01:58.835328
78	13	-1	0.0	0	0:01:54.588093
79	13	-1	0.0	0	0:01:44.399225
80	13	-1	0.0	0	0:01:57.941278
81	13	-1	0.0	0	0:01:44.981351
82	13	-1	0.0	0	0:01:57.281559
83	13	-1	0.0	0	0:02:00.518420
84	14	-1	0.0	0	0:01:50.565833
85	14	-1	0.0	0	0:01:43.812957
86	14	-1	0.0	0	0:01:55.371055
87	14	-1	0.0	0	0:01:48.682079
88	14	-1	0.0	0	0:01:54.812224
89	14	-1	0.0	0	0:01:58.305120
90	15	-1	0.0	0	0:01:55.436320
91	15	-1	0.0	0	0:01:39.277161
92	15	-1	0.0	0	0:01:53.230084
93	15	-1	0.0	0	0:01:45.189874
94	15	-1	0.0	0	0:01:57.639154
95	15	-1	0.0	0	0:01:55.780409
96	16	-1	0.0	0	0:01:50.107394
97	16	-1	0.0	0	0:01:39.770009
98	16	-1	0.0	0	0:01:53.500317
99	16	-1	0.0	0	0:01:50.938802
100	16	-1	0.0	0	0:01:52.949482
101	16	-1	0.0	0	0:01:52.446666
102	17	-1	0.0	0	0:01:52.712194
103	17	-1	0.0	0	0:01:42.129903
104	17	-1	0.0	0	0:01:54.958469
105	17	-1	0.0	0	0:01:48.439907
106	17	-1	0.0	0	0:01:55.926763
107	17	-1	0.0	0	0:01:52.186560
108	18	-1	0.0	0	0:01:50.836516
109	18	-1	0.0	0	0:01:42.223168
110	18	-1	0.0	0	0:01:59.762239
111	18	-1	0.0	0	0:01:42.604539
112	18	-1	0.0	0	0:01:53.630636
113	18	-1	0.0	0	0:01:56.820445
114	19	-1	0.0	0	0:01:55.715870
115	19	-1	0.0	0	0:01:44.052866
116	19	-1	0.0	0	0:01:57.403852
117	19	-1	0.0	0	0:01:45.179515
118	19	-1	0.0	0	0:02:00.955590
119	19	-1	0.0	0	0:01:55.691384
