idx	label	predict	radius	correct	time
0	0	1	0.0463	0	0:06:07.983964
1	0	15	0.035	0	0:04:57.671657
2	0	13	0.0135	0	0:06:03.459060
3	0	14	0.318	0	0:05:17.487137
4	0	0	0.138	1	0:05:39.010353
5	0	8	0.099	0	0:06:08.634499
6	1	-1	0.0	0	0:06:05.623331
7	1	19	0.128	0	0:05:13.788550
8	1	13	0.015	0	0:06:09.515229
9	1	14	0.00268	0	0:05:30.153018
10	1	0	0.284	0	0:05:52.106644
11	1	8	0.0959	0	0:06:17.463084
12	2	7	0.214	0	0:06:00.751659
13	2	-1	0.0	0	0:05:07.727276
14	2	13	0.0267	0	0:06:04.893649
15	2	14	0.318	0	0:05:27.344891
16	2	2	0.14	1	0:05:49.078185
17	2	8	0.145	0	0:06:16.989152
18	3	12	0.318	0	0:06:03.970324
19	3	19	0.0276	0	0:05:09.030132
20	3	3	0.267	1	0:06:07.004054
21	3	14	0.126	0	0:05:27.204706
22	3	12	0.318	0	0:05:47.864563
23	3	3	0.219	1	0:06:18.029798
24	4	1	0.318	0	0:06:09.508312
25	4	15	0.000224	0	0:05:11.804723
26	4	-1	0.0	0	0:06:05.847991
27	4	14	0.219	0	0:05:18.674343
28	4	0	0.0122	0	0:05:49.913671
29	4	8	0.103	0	0:06:19.750540
30	5	7	0.318	0	0:06:02.555947
31	5	5	0.318	1	0:05:09.957509
32	5	7	0.318	0	0:06:04.759442
33	5	14	0.318	0	0:05:26.777273
34	5	5	0.318	1	0:05:49.537705
35	5	5	0.318	1	0:06:17.426660
36	6	1	0.137	0	0:06:08.869237
37	6	-1	0.0	0	0:05:05.308357
38	6	13	0.0321	0	0:06:04.678878
39	6	6	0.318	1	0:05:22.846698
40	6	6	0.318	1	0:05:48.418870
41	6	5	0.0276	0	0:06:14.554646
42	7	7	0.318	1	0:05:57.069167
43	7	19	0.165	0	0:05:08.885798
44	7	7	0.318	1	0:06:05.133624
45	7	14	0.318	0	0:05:25.361399
46	7	5	0.318	0	0:05:50.786425
47	7	5	0.239	0	0:06:06.403228
48	8	7	0.155	0	0:05:54.643831
49	8	15	0.162	0	0:05:01.624235
50	8	13	0.00422	0	0:05:55.500014
51	8	14	0.0869	0	0:05:16.964186
52	8	0	0.0321	0	0:05:38.820986
53	8	8	0.174	1	0:06:04.787136
54	9	1	0.318	0	0:05:56.177864
55	9	19	0.0305	0	0:05:01.070897
56	9	-1	0.0	0	0:05:55.907240
57	9	14	0.254	0	0:05:15.324212
58	9	19	0.318	0	0:05:39.492121
59	9	8	0.0898	0	0:06:03.291492
60	10	12	0.318	0	0:05:51.113148
61	10	15	0.0792	0	0:05:02.149155
62	10	10	0.318	1	0:05:46.828725
63	10	-1	0.0	0	0:05:24.087325
64	10	10	0.318	1	0:05:35.274422
65	10	10	0.318	1	0:06:07.641064
66	11	11	0.318	1	0:05:45.766812
67	11	19	0.127	0	0:05:00.437865
68	11	11	0.318	1	0:05:42.319229
69	11	1	0.318	0	0:05:16.347098
70	11	11	0.318	1	0:05:28.924153
71	11	11	0.318	1	0:06:00.211817
72	12	12	0.318	1	0:05:59.172985
73	12	15	0.0881	0	0:05:00.206787
74	12	19	0.174	0	0:05:58.997355
75	12	-1	0.0	0	0:05:11.262145
76	12	12	0.318	1	0:05:40.044844
77	12	12	0.318	1	0:06:19.416152
78	13	7	0.0674	0	0:06:16.187854
79	13	15	0.123	0	0:05:16.456040
80	13	-1	0.0	0	0:06:13.326196
81	13	14	0.114	0	2:05:56.472165
82	13	-1	0.0	0	0:05:49.381137
83	13	8	0.171	0	0:06:17.323925
84	14	7	0.318	0	0:06:02.713188
85	14	19	0.318	0	0:05:02.681489
86	14	13	0.318	0	0:05:54.474700
87	14	14	0.318	1	0:05:19.094192
88	14	5	0.0476	0	0:05:39.180217
89	14	5	0.166	0	0:06:08.042405
90	15	7	0.272	0	0:06:00.931006
91	15	15	0.219	1	0:05:00.941707
92	15	8	0.0861	0	0:05:58.611143
93	15	14	0.0254	0	0:05:19.461487
94	15	0	0.048	0	0:05:46.822849
95	15	8	0.187	0	0:06:19.990330
96	16	7	0.318	0	0:05:58.901920
97	16	15	0.148	0	0:04:36.891394
98	16	7	0.038	0	0:05:19.128942
99	16	14	0.318	0	0:04:52.630360
100	16	16	0.318	1	0:05:13.939066
101	16	5	0.0667	0	0:05:23.763212
102	17	12	0.318	0	0:05:13.987906
103	17	10	0.0514	0	0:04:25.693817
104	17	13	0.234	0	0:05:13.218732
105	17	17	0.318	1	0:04:38.558706
106	17	6	0.318	0	0:04:59.154615
107	17	12	0.318	0	0:05:22.258667
108	18	7	0.318	0	0:05:14.342095
109	18	19	0.0559	0	0:04:25.605352
110	18	18	0.318	1	0:05:13.729111
111	18	14	0.318	0	0:04:38.486125
112	18	5	0.318	0	0:04:56.225557
113	18	5	0.318	0	0:05:22.184150
114	19	7	0.318	0	0:05:17.356831
115	19	19	0.318	1	0:04:41.522562
116	19	-1	0.0	0	0:05:30.507962
117	19	14	0.318	0	0:04:48.266344
118	19	5	0.0832	0	0:05:16.853407
119	19	8	0.0443	0	0:05:40.771935
