idx	label	predict	radius	correct	time
0	0	7	0.0025	0	0:05:37.678712
1	0	15	0.0424	0	0:04:38.939193
2	0	13	0.0232	0	0:05:30.486209
3	0	14	0.114	0	0:04:54.525692
4	0	0	0.114	1	0:05:15.079847
5	0	8	0.0908	0	0:05:43.228424
6	1	7	0.0385	0	0:05:31.605090
7	1	19	0.0971	0	0:04:36.984701
8	1	13	0.0277	0	0:05:26.411507
9	1	14	0.0239	0	0:04:50.210094
10	1	0	0.114	0	0:05:15.494941
11	1	8	0.104	0	0:05:38.879013
12	2	7	0.114	0	0:05:30.771796
13	2	19	0.0104	0	0:04:29.577788
14	2	13	0.0145	0	0:05:27.275798
15	2	14	0.114	0	0:04:52.981653
16	2	2	0.0863	1	0:05:11.975035
17	2	8	0.114	0	0:05:33.588494
18	3	12	0.114	0	0:05:16.609774
19	3	19	0.0296	0	0:04:39.877662
20	3	3	0.114	1	0:05:27.290661
21	3	14	0.0971	0	0:04:52.946746
22	3	12	0.114	0	0:05:12.091824
23	3	3	0.114	1	0:05:36.807767
24	4	1	0.114	0	0:05:30.700879
25	4	-1	0.0	0	0:04:24.961127
26	4	13	0.0238	0	0:05:10.474142
27	4	14	0.114	0	0:04:36.305503
28	4	0	0.0188	0	0:04:56.378392
29	4	8	0.101	0	0:05:19.746659
30	5	7	0.114	0	0:05:11.064958
31	5	5	0.114	1	0:04:22.295895
32	5	7	0.114	0	0:05:08.753059
33	5	14	0.114	0	0:04:35.542329
34	5	5	0.114	1	0:04:54.871976
35	5	5	0.114	1	0:05:18.357395
36	6	1	0.114	0	0:05:10.296777
37	6	10	0.044	0	0:04:35.848954
38	6	13	0.0264	0	0:05:24.974495
39	6	6	0.114	1	0:04:48.630387
40	6	6	0.114	1	0:05:04.638727
41	6	5	0.0341	0	0:05:15.947268
42	7	7	0.114	1	0:05:08.371159
43	7	19	0.0971	0	0:04:22.103888
44	7	7	0.114	1	0:05:07.169541
45	7	14	0.114	0	0:04:34.977841
46	7	5	0.114	0	0:04:53.373048
47	7	5	0.114	0	0:05:17.127577
48	8	7	0.0991	0	0:05:12.449390
49	8	15	0.114	0	0:04:23.099228
50	8	13	0.0106	0	0:05:10.951363
51	8	14	0.0293	0	0:04:51.968173
52	8	0	0.0446	0	0:05:13.776830
53	8	8	0.114	1	0:05:38.341649
54	9	1	0.114	0	0:05:30.870198
55	9	19	0.0336	0	0:04:40.340163
56	9	13	0.0234	0	0:05:27.704206
57	9	14	0.114	0	0:04:36.239244
58	9	19	0.114	0	0:05:05.211879
59	9	8	0.0844	0	0:05:38.371812
60	10	12	0.114	0	0:05:26.046025
61	10	15	0.0922	0	0:04:42.397780
62	10	10	0.114	1	0:05:23.745698
63	10	9	0.00195	0	0:04:55.095851
64	10	10	0.114	1	0:05:10.375584
65	10	10	0.114	1	0:05:34.424811
66	11	11	0.114	1	0:05:20.453770
67	11	19	0.0908	0	0:04:40.181213
68	11	11	0.114	1	0:05:19.206085
69	11	1	0.114	0	0:04:55.636141
70	11	11	0.114	1	0:04:49.041941
71	11	11	0.114	1	0:05:54.756052
72	12	12	0.114	1	0:05:21.050209
73	12	15	0.0896	0	0:04:24.536936
74	12	19	0.101	0	0:05:08.981445
75	12	12	0.00693	1	0:04:36.071650
76	12	12	0.114	1	0:04:55.236685
77	12	12	0.114	1	0:05:17.211771
78	13	7	0.0582	0	0:05:12.081904
79	13	15	0.101	0	0:04:23.042033
80	13	13	0.0163	1	0:05:09.680484
81	13	14	0.0362	0	0:04:35.692621
82	13	0	0.0342	0	0:05:13.605287
83	13	8	0.108	0	0:05:39.892115
84	14	7	0.114	0	0:05:29.124023
85	14	19	0.114	0	0:04:39.803319
86	14	13	0.114	0	0:05:26.787819
87	14	14	0.114	1	0:04:50.802515
88	14	5	0.0462	0	0:05:06.548673
89	14	5	0.114	0	0:05:19.691746
90	15	7	0.114	0	0:05:12.986933
91	15	15	0.114	1	0:04:23.951333
92	15	8	0.0357	0	0:05:28.911081
93	15	9	0.00839	0	0:04:52.756143
94	15	0	0.0585	0	0:05:13.482440
95	15	8	0.114	0	0:05:38.331926
96	16	7	0.114	0	0:05:28.417502
97	16	15	0.114	0	0:04:32.381813
98	16	7	0.0282	0	0:05:07.685389
99	16	14	0.114	0	0:04:35.250347
100	16	16	0.114	1	0:04:54.916280
101	16	5	0.0243	0	0:05:17.054434
102	17	12	0.114	0	0:05:10.735171
103	17	10	0.0477	0	0:04:22.858625
104	17	13	0.114	0	0:05:27.343762
105	17	17	0.114	1	0:04:52.484500
106	17	6	0.114	0	0:05:13.891766
107	17	12	0.114	0	0:05:38.433362
108	18	7	0.114	0	0:05:29.483807
109	18	19	0.0645	0	0:04:39.264834
110	18	18	0.114	1	0:05:27.491966
111	18	14	0.114	0	0:04:52.018605
112	18	5	0.114	0	0:05:12.802985
113	18	5	0.114	0	0:05:28.082004
114	19	7	0.114	0	0:05:29.759078
115	19	19	0.114	1	0:04:36.950462
116	19	19	0.0195	1	0:05:10.523376
117	19	14	0.114	0	0:04:36.295795
118	19	5	0.0559	0	0:04:58.951498
119	19	8	0.0349	0	0:05:40.471071
