idx	label	predict	radius	correct	time
0	0	-1	0.0	0	0:05:16.333854
1	0	19	0.0443	0	0:04:21.070992
2	0	13	0.0493	0	0:05:09.041423
3	0	-1	0.0	0	0:04:34.999078
4	0	0	0.0076	1	0:04:54.127452
5	0	-1	0.0	0	0:05:20.511045
6	1	-1	0.0	0	0:05:10.836647
7	1	19	0.095	0	0:04:22.302050
8	1	13	0.0656	0	0:05:09.524941
9	1	1	0.104	1	0:04:35.528781
10	1	0	0.0116	0	0:04:54.348766
11	1	-1	0.0	0	0:05:17.332061
12	2	-1	0.0	0	0:05:09.923431
13	2	19	0.0609	0	0:04:22.258959
14	2	13	0.0538	0	0:05:07.628870
15	2	-1	0.0	0	0:04:35.732547
16	2	2	0.0612	1	0:04:54.031105
17	2	8	0.00207	0	0:05:17.208917
18	3	12	0.173	0	0:05:08.590849
19	3	19	0.0816	0	0:04:22.120248
20	3	3	0.0157	1	0:05:07.517773
21	3	1	0.00176	0	0:04:34.494812
22	3	12	0.18	0	0:04:53.018652
23	3	3	0.0076	1	0:05:15.784620
24	4	1	0.038	0	0:05:10.299314
25	4	19	0.0357	0	0:04:22.244935
26	4	13	0.0769	0	0:05:09.399071
27	4	-1	0.0	0	0:04:35.073540
28	4	-1	0.0	0	0:04:54.693429
29	4	8	0.0166	0	0:05:18.264618
30	5	7	0.318	0	0:05:09.724794
31	5	-1	0.0	0	0:04:21.404270
32	5	7	0.0538	0	0:05:07.958711
33	5	-1	0.0	0	0:04:34.216793
34	5	5	0.262	1	0:04:53.880545
35	5	5	0.118	1	0:05:17.239793
36	6	-1	0.0	0	0:05:08.120615
37	6	-1	0.0	0	0:04:17.909498
38	6	13	0.0535	0	0:05:10.331702
39	6	6	0.192	1	0:04:30.811643
40	6	6	0.318	1	0:04:50.478672
41	6	-1	0.0	0	0:05:17.114141
42	7	7	0.318	1	0:05:06.237910
43	7	19	0.123	0	0:04:20.004975
44	7	7	0.318	1	0:05:04.896763
45	7	14	0.0213	0	0:04:32.803691
46	7	5	0.0524	0	0:04:50.992959
47	7	7	0.0141	1	0:05:17.054165
48	8	-1	0.0	0	0:05:09.957521
49	8	19	0.038	0	0:04:21.340627
50	8	13	0.0552	0	0:05:07.960349
51	8	-1	0.0	0	0:04:33.611624
52	8	-1	0.0	0	0:04:53.838045
53	8	8	0.0279	1	0:05:20.498935
54	9	1	0.0433	0	0:05:09.792316
55	9	19	0.0634	0	0:04:20.717745
56	9	13	0.112	0	0:05:08.251506
57	9	-1	0.0	0	0:04:33.889206
58	9	-1	0.0	0	0:04:54.062264
59	9	-1	0.0	0	0:05:17.043341
60	10	12	0.14	0	0:05:04.141282
61	10	-1	0.0	0	0:04:23.367794
62	10	10	0.318	1	0:05:02.640002
63	10	-1	0.0	0	0:04:36.366102
64	10	10	0.318	1	0:04:49.331119
65	10	10	0.318	1	0:05:12.586761
66	11	11	0.318	1	0:04:59.905787
67	11	19	0.0784	0	0:04:21.477202
68	11	11	0.318	1	0:05:00.176543
69	11	1	0.251	0	0:04:33.968453
70	11	11	0.318	1	0:04:45.932638
71	11	11	0.318	1	0:05:09.559693
72	12	12	0.188	1	0:05:07.612735
73	12	3	0.0524	0	0:04:22.047849
74	12	-1	0.0	0	0:05:06.025769
75	12	1	0.0144	0	0:04:34.191532
76	12	12	0.217	1	0:04:52.494159
77	12	12	0.303	1	0:05:15.276498
78	13	-1	0.0	0	0:05:09.738593
79	13	19	0.0357	0	0:04:21.799523
80	13	13	0.0559	1	0:05:07.795260
81	13	-1	0.0	0	0:04:33.916085
82	13	-1	0.0	0	0:04:53.688009
83	13	8	0.0204	0	0:05:18.657154
84	14	7	0.148	0	0:05:08.366549
85	14	19	0.146	0	0:04:21.748267
86	14	13	0.0406	0	0:05:06.501898
87	14	14	0.0204	1	0:04:33.824611
88	14	-1	0.0	0	0:04:51.276741
89	14	-1	0.0	0	0:05:16.056670
90	15	-1	0.0	0	0:05:10.237389
91	15	19	0.00452	0	0:04:20.942643
92	15	13	0.0302	0	0:05:07.826088
93	15	-1	0.0	0	0:04:33.993599
94	15	-1	0.0	0	0:04:53.115000
95	15	8	0.0305	0	0:05:17.568148
96	16	7	0.111	0	0:05:06.601899
97	16	19	0.0321	0	0:04:19.172881
98	16	-1	0.0	0	0:05:06.104724
99	16	-1	0.0	0	0:04:33.560907
100	16	16	0.318	1	0:04:52.455809
101	16	16	0.073	1	0:05:14.477958
102	17	12	0.169	0	0:05:09.243404
103	17	10	0.0406	0	0:04:21.115628
104	17	13	0.184	0	0:05:07.508235
105	17	17	0.116	1	0:04:33.703757
106	17	-1	0.0	0	0:04:54.186510
107	17	12	0.116	0	0:05:16.240823
108	18	7	0.318	0	0:05:08.392288
109	18	19	0.0865	0	0:04:20.308960
110	18	18	0.284	1	0:05:06.445605
111	18	-1	0.0	0	0:04:33.304670
112	18	5	0.103	0	0:04:52.824036
113	18	5	0.0857	0	0:05:16.021463
114	19	7	0.161	0	0:05:10.186819
115	19	19	0.138	1	0:04:21.951285
116	19	13	0.0383	0	0:05:08.506996
117	19	14	0.037	0	0:04:34.834877
118	19	-1	0.0	0	0:04:54.992848
119	19	-1	0.0	0	0:05:18.757293