idx	label	predict	radius	correct	time
0	0	1	0.00482	0	0:05:30.793152
1	0	19	0.00151	0	0:04:33.381994
2	0	13	0.00228	0	0:05:21.919468
3	0	14	0.0412	0	0:04:46.531159
4	0	0	0.0119	1	0:05:07.168108
5	0	8	0.00426	0	0:05:36.650081
6	1	-1	0.0	0	0:05:23.332993
7	1	19	0.0475	0	0:04:33.765767
8	1	13	0.011	0	0:05:23.011367
9	1	1	0.0302	1	0:04:47.115554
10	1	0	0.0318	0	0:05:07.277536
11	1	8	0.000409	0	0:05:31.304987
12	2	7	0.018	0	0:05:22.806732
13	2	19	0.0143	0	0:04:34.062565
14	2	13	0.00559	0	0:05:20.965413
15	2	14	0.0385	0	0:04:46.586107
16	2	2	0.0576	1	0:05:06.062572
17	2	8	0.0157	0	0:05:30.602897
18	3	12	0.114	0	0:05:21.524696
19	3	19	0.0229	0	0:04:33.630149
20	3	3	0.0402	1	0:05:20.227733
21	3	14	0.00649	0	0:04:47.084758
22	3	12	0.114	0	0:05:05.394278
23	3	3	0.0214	1	0:05:29.783557
24	4	1	0.0551	0	0:05:24.630909
25	4	19	0.00987	0	0:04:33.556534
26	4	13	0.00338	0	0:05:22.262406
27	4	14	0.017	0	0:04:46.892794
28	4	-1	0.0	0	0:05:06.995507
29	4	8	0.018	0	0:05:32.248956
30	5	7	0.114	0	0:05:23.186442
31	5	5	0.0299	1	0:04:32.430436
32	5	7	0.0657	0	0:05:20.830781
33	5	14	0.045	0	0:04:46.323256
34	5	5	0.108	1	0:05:06.319896
35	5	5	0.104	1	0:05:30.273386
36	6	1	0.0118	0	0:05:21.130255
37	6	-1	0.0	0	0:04:30.069527
38	6	13	0.00217	0	0:05:19.248350
39	6	6	0.114	1	0:04:43.260458
40	6	6	0.114	1	0:05:03.858413
41	6	5	0.000299	0	0:05:27.875786
42	7	7	0.114	1	0:05:20.229291
43	7	19	0.0757	0	0:04:32.301052
44	7	7	0.114	1	0:05:19.153613
45	7	14	0.0775	0	0:04:45.678175
46	7	5	0.0535	0	0:05:04.304012
47	7	5	0.0353	0	0:05:28.883269
48	8	7	0.0203	0	0:05:24.691925
49	8	15	0.00682	0	0:04:33.274912
50	8	-1	0.0	0	0:05:23.049072
51	8	14	0.00772	0	0:04:46.260911
52	8	-1	0.0	0	0:05:07.294651
53	8	8	0.029	1	0:05:32.088417
54	9	1	0.0657	0	0:05:24.302982
55	9	19	0.0163	0	0:04:33.477015
56	9	13	0.0192	0	0:05:23.416100
57	9	14	0.0293	0	0:04:46.477598
58	9	19	0.0607	0	0:05:08.264331
59	9	-1	0.0	0	0:05:31.109705
60	10	12	0.114	0	0:05:19.033725
61	10	-1	0.0	0	0:04:36.407056
62	10	10	0.114	1	0:05:16.856150
63	10	-1	0.0	0	0:04:48.225485
64	10	10	0.114	1	0:05:04.048570
65	10	10	0.114	1	0:05:27.457082
66	11	11	0.114	1	0:05:14.432285
67	11	19	0.0462	0	0:04:33.755292
68	11	11	0.114	1	0:05:13.801489
69	11	1	0.114	0	0:04:46.901430
70	11	11	0.114	1	0:04:58.828361
71	11	11	0.114	1	0:05:23.664514
72	12	12	0.114	1	0:05:21.881224
73	12	3	0.0066	0	0:04:33.956828
74	12	19	0.0362	0	0:05:20.725501
75	12	-1	0.0	0	0:04:46.903725
76	12	12	0.114	1	0:05:06.386396
77	12	12	0.114	1	0:05:29.522764
78	13	7	0.00593	0	0:05:24.151918
79	13	15	8e-05	0	0:04:33.393945
80	13	-1	0.0	0	0:05:22.312121
81	13	14	0.0093	0	0:04:46.235357
82	13	-1	0.0	0	0:05:07.039460
83	13	8	0.0297	0	0:05:31.110678
84	14	7	0.114	0	0:05:22.402698
85	14	19	0.114	0	0:04:33.308070
86	14	13	0.031	0	0:05:19.962262
87	14	14	0.0844	1	0:04:46.734944
88	14	-1	0.0	0	0:05:04.696548
89	14	5	0.0242	0	0:05:29.719918
90	15	7	0.0353	0	0:05:24.513154
91	15	15	0.015	1	0:04:33.236986
92	15	8	0.00885	0	0:05:21.715184
93	15	-1	0.0	0	0:04:46.091017
94	15	-1	0.0	0	0:05:06.613278
95	15	8	0.036	0	0:05:31.500129
96	16	7	0.0971	0	0:05:20.963933
97	16	15	0.00338	0	0:04:32.120603
98	16	7	0.00338	0	0:05:19.499005
99	16	14	0.0336	0	0:04:45.759522
100	16	16	0.114	1	0:05:05.916481
101	16	16	0.000518	1	0:05:28.819111
102	17	12	0.114	0	0:05:23.055313
103	17	10	0.0133	0	0:04:33.105363
104	17	13	0.0551	0	0:05:21.189865
105	17	17	0.104	1	0:04:46.468467
106	17	6	0.0538	0	0:05:06.614596
107	17	12	0.0695	0	0:05:30.901181
108	18	7	0.114	0	0:05:23.123532
109	18	19	0.0206	0	0:04:32.512012
110	18	18	0.114	1	0:05:20.921735
111	18	14	0.0516	0	0:04:45.897310
112	18	5	0.0873	0	0:05:05.803783
113	18	5	0.0953	0	0:05:30.087440
114	19	7	0.114	0	0:05:24.162740
115	19	19	0.114	1	0:04:33.652609
116	19	-1	0.0	0	0:05:22.741675
117	19	14	0.0922	0	0:04:46.820604
118	19	-1	0.0	0	0:05:08.225652
119	19	-1	0.0	0	0:05:32.241026
