idx	label	predict	radius	correct	time
0	0	15	0.26	0	0:05:24.023703
1	0	19	0.26	0	0:05:17.293777
2	0	13	0.26	0	0:05:43.525509
3	0	14	0.203	0	0:05:11.971513
4	0	7	0.26	0	0:05:20.001582
5	0	19	0.26	0	0:05:30.462649
6	1	15	0.26	0	0:05:17.327391
7	1	19	0.26	0	0:05:13.194296
8	1	13	0.26	0	0:05:33.400448
9	1	1	0.26	1	0:05:16.942867
10	1	9	0.26	0	0:05:26.616425
11	1	19	0.26	0	0:05:28.240920
12	2	15	0.26	0	0:05:16.775920
13	2	19	0.26	0	0:05:16.367596
14	2	15	0.26	0	0:05:36.528821
15	2	14	0.26	0	0:05:02.105319
16	2	2	0.26	1	0:05:19.315655
17	2	19	0.0027	0	0:05:28.807763
18	3	12	0.26	0	0:05:18.119391
19	3	19	0.26	0	0:05:03.746603
20	3	15	0.26	0	0:05:34.916494
21	3	1	0.26	0	0:05:17.011532
22	3	12	0.145	0	0:05:21.212935
23	3	3	0.26	1	0:05:27.570695
24	4	15	0.26	0	0:05:19.962928
25	4	19	0.26	0	0:05:16.779748
26	4	13	0.26	0	0:05:29.063753
27	4	1	0.26	0	0:05:15.376484
28	4	9	0.26	0	0:05:28.367937
29	4	19	0.26	0	0:05:31.186049
30	5	7	0.26	0	0:05:17.499111
31	5	5	0.26	1	0:05:12.130441
32	5	7	0.26	0	0:05:37.943457
33	5	14	0.081	0	0:05:00.252294
34	5	7	0.26	0	0:05:24.306617
35	5	5	0.102	1	0:05:26.409074
36	6	15	0.26	0	0:05:11.885008
37	6	6	0.26	1	0:05:11.626898
38	6	13	0.26	0	0:05:35.982880
39	6	6	0.26	1	0:05:12.442198
40	6	2	0.26	0	0:05:22.510046
41	6	19	0.26	0	0:05:25.125017
42	7	7	0.26	1	0:05:12.317551
43	7	19	0.26	0	0:05:13.708461
44	7	7	0.26	1	0:05:37.560630
45	7	14	0.26	0	0:05:15.484465
46	7	7	0.26	1	0:05:23.918015
47	7	7	0.26	1	0:05:26.698688
48	8	15	0.26	0	0:05:16.723903
49	8	19	0.26	0	0:05:15.913066
50	8	13	0.26	0	0:05:39.802822
51	8	13	0.26	0	0:05:19.646724
52	8	7	0.26	0	0:05:11.676788
53	8	19	0.26	0	0:05:24.115992
54	9	15	0.26	0	0:05:17.900627
55	9	19	0.26	0	0:05:17.488875
56	9	13	0.26	0	0:05:42.411912
57	9	13	0.0658	0	0:05:16.441992
58	9	7	0.26	0	0:05:27.715518
59	9	19	0.26	0	0:05:13.869114
60	10	12	0.26	0	0:05:03.979778
61	10	17	0.26	0	0:05:16.884607
62	10	15	0.248	0	0:05:36.828938
63	10	12	0.0767	0	0:05:21.526881
64	10	10	0.26	1	0:05:09.126675
65	10	10	0.26	1	0:05:26.270503
66	11	11	0.26	1	0:05:10.470277
67	11	9	0.26	0	0:05:15.439741
68	11	11	0.26	1	0:05:32.738388
69	11	1	0.26	0	0:05:19.063731
70	11	11	0.26	1	0:05:19.979268
71	11	11	0.26	1	0:05:24.144251
72	12	12	0.26	1	0:05:16.981054
73	12	12	0.26	1	0:05:18.315404
74	12	13	0.248	0	0:05:40.085741
75	12	12	0.26	1	0:05:19.962038
76	12	12	0.26	1	0:05:26.445392
77	12	3	0.26	0	0:05:24.465799
78	13	15	0.26	0	0:05:11.214103
79	13	19	0.26	0	0:05:54.847374
80	13	13	0.26	1	0:06:01.509780
81	13	13	0.26	1	0:05:12.312770
82	13	7	0.26	0	0:05:08.746402
83	13	19	0.26	0	0:05:10.506234
84	14	15	0.26	0	0:04:57.961715
85	14	19	0.26	0	0:04:56.845417
86	14	15	0.26	0	0:05:20.179569
87	14	14	0.26	1	0:05:00.047753
88	14	7	0.26	0	0:05:07.265974
89	14	19	0.26	0	0:05:09.616049
90	15	15	0.26	1	0:04:59.518923
91	15	19	0.26	0	0:04:58.526266
92	15	13	0.26	0	0:05:21.387734
93	15	13	0.26	0	0:04:59.409494
94	15	7	0.26	0	0:05:08.324112
95	15	19	0.26	0	0:05:11.114035
96	16	7	0.26	0	0:05:14.868072
97	16	19	0.26	0	0:05:16.100859
98	16	7	0.26	0	0:05:40.420875
99	16	16	0.26	1	0:05:17.245969
100	16	16	0.233	1	0:05:25.823438
101	16	-1	0.0	0	0:05:19.492430
102	17	17	0.0161	1	0:05:16.318247
103	17	12	0.26	0	0:05:16.580656
104	17	13	0.26	0	0:05:37.378390
105	17	12	0.26	0	0:05:04.333739
106	17	12	0.218	0	0:05:15.657680
107	17	3	0.26	0	0:05:28.740129
108	18	7	0.26	0	0:05:17.008799
109	18	19	0.26	0	0:04:59.697980
110	18	18	0.26	1	0:05:38.176952
111	18	14	0.0421	0	0:05:16.924016
112	18	7	0.26	0	0:05:26.726672
113	18	19	0.0639	0	0:05:28.768789
114	19	15	0.26	0	0:05:17.402339
115	19	19	0.26	1	0:05:15.735235
116	19	15	0.0504	0	0:05:40.623522
117	19	14	0.26	0	0:05:17.357006
118	19	7	0.26	0	0:05:27.130698
119	19	19	0.26	1	0:05:29.243552
