idx	label	predict	radius	correct	time
0	0	15	0.26	0	0:05:03.708564
1	0	19	0.218	0	0:04:58.229123
2	0	13	0.0573	0	0:05:23.368247
3	0	14	0.0409	0	0:04:59.479570
4	0	7	0.107	0	0:05:09.032561
5	0	19	0.0455	0	0:05:10.943763
6	1	15	0.26	0	0:04:59.747479
7	1	19	0.205	0	0:04:58.445804
8	1	13	0.0629	0	0:05:22.000602
9	1	1	0.26	1	0:04:58.786479
10	1	9	0.176	0	0:05:08.318916
11	1	19	0.0463	0	0:05:09.540444
12	2	15	0.26	0	0:04:58.807135
13	2	19	0.222	0	0:04:58.337685
14	2	15	0.26	0	0:05:19.916084
15	2	14	0.0449	0	0:04:58.468596
16	2	2	0.218	1	0:05:07.621879
17	2	-1	0.0	0	0:05:10.098813
18	3	12	0.227	0	0:04:57.437770
19	3	19	0.222	0	0:04:57.231762
20	3	15	0.181	0	0:05:19.885298
21	3	1	0.26	0	0:04:58.611812
22	3	12	0.0305	0	0:05:06.262025
23	3	3	0.26	1	0:05:08.406999
24	4	15	0.26	0	0:05:00.399054
25	4	19	0.195	0	0:04:57.856349
26	4	13	0.227	0	0:05:21.937666
27	4	1	0.153	0	0:04:58.869313
28	4	9	0.155	0	0:05:09.776350
29	4	19	0.051	0	0:05:10.897105
30	5	7	0.26	0	0:04:58.297192
31	5	5	0.0582	1	0:04:57.471608
32	5	7	0.26	0	0:05:19.552788
33	5	14	0.0172	0	0:04:58.843342
34	5	7	0.26	0	0:05:06.881585
35	5	5	0.146	1	0:05:08.812768
36	6	15	0.191	0	0:04:55.652902
37	6	6	0.184	1	0:04:55.528282
38	6	13	0.138	0	0:05:18.611530
39	6	6	0.153	1	0:04:55.494605
40	6	2	0.2	0	0:05:05.755809
41	6	19	0.0579	0	0:05:07.395685
42	7	7	0.26	1	0:04:56.233946
43	7	19	0.169	0	0:04:56.882229
44	7	7	0.26	1	0:05:18.829455
45	7	14	0.26	0	0:04:58.019937
46	7	7	0.26	1	0:05:06.297681
47	7	7	0.0918	1	0:05:09.040609
48	8	15	0.26	0	0:04:59.060488
49	8	19	0.248	0	0:04:58.845983
50	8	13	0.0705	0	0:05:21.890735
51	8	13	0.193	0	0:04:59.101812
52	8	7	0.112	0	0:05:10.598766
53	8	19	0.0435	0	0:05:10.737036
54	9	15	0.26	0	0:04:59.905674
55	9	19	0.233	0	0:04:58.832769
56	9	13	0.227	0	0:05:21.448251
57	9	-1	0.0	0	0:04:59.253325
58	9	7	0.139	0	0:05:10.250854
59	9	19	0.136	0	0:05:10.892038
60	10	12	0.12	0	0:04:57.204673
61	10	17	0.132	0	0:04:58.077461
62	10	15	0.0332	0	0:05:18.778697
63	10	12	0.0401	0	0:05:01.254050
64	10	10	0.26	1	0:05:05.304887
65	10	10	0.26	1	0:05:06.043751
66	11	11	0.26	1	0:04:51.378687
67	11	-1	0.0	0	0:04:55.082277
68	11	11	0.26	1	0:05:13.647277
69	11	1	0.26	0	0:04:58.899482
70	11	11	0.26	1	0:05:00.697195
71	11	11	0.26	1	0:05:03.356440
72	12	12	0.248	1	0:04:57.570450
73	12	12	0.227	1	0:04:58.826546
74	12	13	0.046	0	0:05:19.939533
75	12	12	0.26	1	0:04:58.938713
76	12	12	0.195	1	0:05:07.230515
77	12	3	0.203	0	0:05:08.492916
78	13	15	0.26	0	0:04:59.902658
79	13	19	0.218	0	0:04:58.241511
80	13	13	0.0698	1	0:05:22.783967
81	13	13	0.191	1	0:04:58.991233
82	13	7	0.106	0	0:05:09.407715
83	13	19	0.0316	0	0:05:09.652963
84	14	15	0.26	0	0:04:57.794427
85	14	19	0.218	0	0:04:56.023218
86	14	15	0.158	0	0:05:19.657664
87	14	14	0.239	1	0:04:59.441177
88	14	7	0.26	0	0:05:06.899233
89	14	19	0.208	0	0:05:09.086400
90	15	15	0.26	1	0:04:59.165091
91	15	19	0.233	0	0:04:58.099460
92	15	13	0.0821	0	0:05:22.945261
93	15	13	0.26	0	0:04:58.775399
94	15	7	0.116	0	0:05:09.088421
95	15	19	0.0303	0	0:05:10.008430
96	16	7	0.248	0	0:04:57.475940
97	16	19	0.227	0	0:04:56.932281
98	16	7	0.26	0	0:05:20.257751
99	16	16	0.26	1	0:04:57.564212
100	16	16	0.0969	1	0:05:07.844529
101	16	-1	0.0	0	0:05:09.750919
102	17	12	0.00194	0	0:04:58.804601
103	17	12	0.159	0	0:04:56.036137
104	17	13	0.26	0	0:05:19.588884
105	17	12	0.26	0	0:04:57.475220
106	17	12	0.0588	0	0:05:08.189044
107	17	3	0.26	0	0:05:09.643991
108	18	7	0.26	0	0:04:57.250576
109	18	19	0.176	0	0:04:56.459468
110	18	18	0.126	1	0:05:19.211513
111	18	14	0.00471	0	0:04:56.961128
112	18	7	0.26	0	0:05:07.599628
113	18	19	0.0463	0	0:05:09.210017
114	19	15	0.26	0	0:05:00.214513
115	19	19	0.198	1	0:04:57.528215
116	19	15	0.0725	0	0:05:22.283885
117	19	14	0.26	0	0:04:58.985282
118	19	7	0.26	0	0:05:09.460693
119	19	19	0.145	1	0:05:09.826227
