idx	label	predict	radius	correct	time
0	0	15	0.026	0	0:05:44.599704
1	0	19	0.0227	0	0:05:38.331529
2	0	13	0.00701	0	0:06:07.056543
3	0	14	0.00418	0	0:05:41.990589
4	0	7	0.0104	0	0:05:52.756915
5	0	19	0.0054	0	0:05:53.028081
6	1	15	0.026	0	0:05:38.397400
7	1	19	0.0205	0	0:05:40.214420
8	1	13	0.00623	0	0:06:06.221891
9	1	1	0.026	1	0:05:41.756515
10	1	9	0.0191	0	0:05:49.467975
11	1	19	0.0039	0	0:05:51.692559
12	2	15	0.026	0	0:05:38.042064
13	2	19	0.0218	0	0:05:38.376125
14	2	15	0.0248	0	0:06:02.560761
15	2	14	0.00595	0	0:05:39.643497
16	2	2	0.0227	1	0:05:48.376479
17	2	-1	0.0	0	0:05:51.423716
18	3	12	0.0233	0	0:05:35.792215
19	3	19	0.0215	0	0:05:37.362569
20	3	15	0.0182	0	0:06:04.580365
21	3	1	0.026	0	0:05:42.665524
22	3	12	0.00263	0	0:05:50.107951
23	3	3	0.026	1	0:05:52.676691
24	4	15	0.0248	0	0:05:44.868974
25	4	19	0.0208	0	0:05:41.629929
26	4	13	0.0198	0	0:06:08.388049
27	4	1	0.0154	0	0:05:44.702928
28	4	9	0.0166	0	0:05:54.430863
29	4	19	0.00423	0	0:05:57.438475
30	5	7	0.026	0	0:05:39.959785
31	5	5	0.00617	1	0:05:39.191714
32	5	7	0.026	0	0:06:01.301542
33	5	14	0.00144	0	0:05:36.923494
34	5	7	0.026	0	0:05:50.312948
35	5	5	0.0134	1	0:05:49.653271
36	6	15	0.0186	0	0:05:33.271649
37	6	6	0.0171	1	0:05:32.736261
38	6	13	0.0138	0	0:05:58.582179
39	6	6	0.0179	1	0:05:34.335432
40	6	2	0.0198	0	0:05:44.202463
41	6	19	0.00588	0	0:05:46.867692
42	7	7	0.026	1	0:05:34.084381
43	7	19	0.0169	0	0:05:35.204738
44	7	7	0.026	1	0:05:59.891986
45	7	14	0.026	0	0:05:36.874992
46	7	7	0.026	1	0:05:45.685735
47	7	7	0.00943	1	0:05:50.381495
48	8	15	0.0248	0	0:05:38.753977
49	8	19	0.0222	0	0:05:39.238422
50	8	13	0.00739	0	0:06:04.454983
51	8	13	0.0205	0	0:05:39.052830
52	8	7	0.0105	0	0:05:50.634330
53	8	19	0.00409	0	0:05:51.469707
54	9	15	0.0248	0	0:05:40.607813
55	9	19	0.0227	0	0:05:38.728151
56	9	13	0.0248	0	0:06:02.716696
57	9	-1	0.0	0	0:05:37.634304
58	9	7	0.0155	0	0:05:49.206625
59	9	19	0.0122	0	0:05:51.767269
60	10	12	0.0115	0	0:05:35.472162
61	10	17	0.0137	0	0:05:35.807202
62	10	15	0.00354	0	0:05:58.549746
63	10	12	0.00495	0	0:05:38.859814
64	10	10	0.026	1	0:05:43.071892
65	10	10	0.026	1	0:05:45.383077
66	11	11	0.026	1	0:05:28.754514
67	11	-1	0.0	0	0:05:33.955406
68	11	11	0.026	1	0:05:55.949978
69	11	1	0.026	0	0:05:41.443191
70	11	11	0.026	1	0:05:41.492475
71	11	11	0.026	1	0:05:44.237754
72	12	12	0.026	1	0:05:36.556616
73	12	12	0.0222	1	0:05:38.072215
74	12	13	0.00507	0	0:06:00.299825
75	12	12	0.026	1	0:05:39.140882
76	12	12	0.0203	1	0:05:46.797145
77	12	3	0.0218	0	0:05:49.071439
78	13	15	0.026	0	0:05:38.512063
79	13	19	0.0215	0	0:05:37.421397
80	13	13	0.00642	1	0:06:05.096640
81	13	13	0.0198	1	0:05:38.527081
82	13	7	0.0102	0	0:05:48.931823
83	13	19	0.00338	0	0:05:52.185474
84	14	15	0.026	0	0:05:36.522583
85	14	19	0.0205	0	0:05:35.707374
86	14	15	0.015	0	0:06:01.737303
87	14	14	0.0248	1	0:05:39.337521
88	14	7	0.026	0	0:05:48.162605
89	14	19	0.0198	0	0:05:50.568286
90	15	15	0.0239	1	0:05:38.261690
91	15	19	0.0222	0	0:05:37.922763
92	15	13	0.00863	0	0:06:02.995151
93	15	13	0.0248	0	0:05:38.382497
94	15	7	0.0117	0	0:05:49.058687
95	15	19	0.00281	0	0:05:51.174616
96	16	7	0.026	0	0:05:40.793365
97	16	19	0.0239	0	0:05:40.589463
98	16	7	0.026	0	0:06:05.332037
99	16	16	0.0248	1	0:05:37.404147
100	16	16	0.0103	1	0:05:48.732451
101	16	-1	0.0	0	0:05:53.460581
102	17	12	0.00136	0	0:05:37.971561
103	17	12	0.0157	0	0:05:36.212144
104	17	13	0.026	0	0:06:01.098830
105	17	12	0.0248	0	0:05:36.461884
106	17	12	0.00561	0	0:05:48.607663
107	17	3	0.026	0	0:05:51.593989
108	18	7	0.0248	0	0:05:35.968159
109	18	19	0.0189	0	0:05:36.005028
110	18	18	0.0127	1	0:06:01.018073
111	18	14	0.000345	0	0:05:36.801092
112	18	7	0.026	0	0:05:47.778710
113	18	19	0.00421	0	0:05:50.626283
114	19	15	0.026	0	0:05:39.276323
115	19	19	0.0227	1	0:05:36.720602
116	19	15	0.00785	0	0:06:03.056821
117	19	14	0.026	0	0:05:38.358412
118	19	7	0.026	0	0:05:52.129427
119	19	19	0.0139	1	0:05:51.979901
