idx	label	predict	radius	correct	time
0	0	1	0.13	0	0:05:11.139719
1	0	19	0.13	0	0:04:36.408084
2	0	13	0.0867	0	0:05:00.229774
3	0	14	0.0489	0	0:04:44.649138
4	0	0	0.13	1	0:05:04.143196
5	0	8	0.13	0	0:05:02.127967
6	1	1	0.13	1	0:05:06.654785
7	1	19	0.13	0	0:04:36.674727
8	1	13	0.13	0	0:04:59.786232
9	1	1	0.0572	1	0:04:44.763093
10	1	0	0.13	0	0:05:03.684809
11	1	8	0.13	0	0:05:02.180575
12	2	1	0.13	0	0:05:06.088453
13	2	19	0.13	0	0:04:36.933968
14	2	13	0.13	0	0:04:59.370703
15	2	14	0.0735	0	0:04:44.822780
16	2	2	0.13	1	0:05:03.443030
17	2	8	0.13	0	0:05:01.262695
18	3	12	0.13	0	0:05:05.475201
19	3	19	0.13	0	0:04:36.943107
20	3	3	0.13	1	0:04:58.141130
21	3	14	0.0117	0	0:04:44.560730
22	3	12	0.13	0	0:05:03.022300
23	3	3	0.13	1	0:05:00.388624
24	4	1	0.13	0	0:05:06.700207
25	4	19	0.13	0	0:04:36.800085
26	4	13	0.13	0	0:05:00.028878
27	4	14	0.0342	0	0:04:45.434209
28	4	0	0.0259	0	0:05:04.188944
29	4	8	0.13	0	0:05:02.447551
30	5	7	0.13	0	0:05:05.740517
31	5	5	0.13	1	0:04:37.175502
32	5	7	0.13	0	0:04:59.911520
33	5	14	0.13	0	0:04:44.738986
34	5	5	0.13	1	0:05:03.951662
35	5	5	0.13	1	0:05:01.516415
36	6	1	0.13	0	0:05:03.790942
37	6	15	0.0596	0	0:04:33.427166
38	6	13	0.13	0	0:04:57.009404
39	6	6	0.13	1	0:04:41.292302
40	6	6	0.13	1	0:05:01.263269
41	6	0	0.13	0	0:05:00.657000
42	7	7	0.13	1	0:05:03.928091
43	7	19	0.13	0	0:04:35.901014
44	7	7	0.13	1	0:04:57.528841
45	7	14	0.13	0	0:04:44.760998
46	7	5	0.13	0	0:05:02.161345
47	7	5	0.13	0	0:04:59.496956
48	8	1	0.13	0	0:05:07.489166
49	8	19	0.13	0	0:04:36.845170
50	8	13	0.13	0	0:05:00.059020
51	8	9	0.0594	0	0:07:08.569844
52	8	0	0.124	0	0:05:20.699416
53	8	8	0.13	1	0:05:20.097777
54	9	1	0.13	0	0:05:25.069304
55	9	19	0.13	0	0:04:51.408646
56	9	13	0.13	0	0:05:10.856542
57	9	14	0.0474	0	0:05:00.712632
58	9	19	0.13	0	0:05:22.012956
59	9	8	0.13	0	0:05:20.387129
60	10	12	0.13	0	0:05:21.150564
61	10	15	0.0233	0	0:04:46.316615
62	10	10	0.13	1	0:05:07.736812
63	10	12	0.0305	0	0:05:04.899282
64	10	10	0.13	1	0:05:17.666738
65	10	10	0.13	1	0:05:15.680819
66	11	11	0.13	1	0:05:19.267556
67	11	19	0.13	0	0:04:49.529794
68	11	11	0.13	1	0:05:03.788614
69	11	1	0.13	0	0:05:01.608338
70	11	11	0.13	1	0:05:15.971267
71	11	11	0.13	1	0:05:13.693305
72	12	12	0.13	1	0:05:22.488727
73	12	19	0.00833	0	0:04:48.638773
74	12	19	0.12	0	0:05:10.754837
75	12	1	0.0232	0	0:05:02.597908
76	12	12	0.13	1	0:05:20.196841
77	12	12	0.13	1	0:05:18.542051
78	13	1	0.13	0	0:05:25.059397
79	13	19	0.13	0	0:04:53.563706
80	13	13	0.13	1	0:05:05.137131
81	13	9	0.0644	0	0:05:02.630740
82	13	0	0.0748	0	0:05:22.337290
83	13	8	0.13	0	0:05:13.064596
84	14	7	0.13	0	0:05:23.864292
85	14	19	0.13	0	0:04:45.797594
86	14	13	0.13	0	0:05:18.166996
87	14	14	0.13	1	0:05:03.510434
88	14	5	0.018	0	0:05:22.385354
89	14	0	0.13	0	0:05:19.926853
90	15	1	0.13	0	0:05:26.367616
91	15	15	0.031	1	0:04:54.410012
92	15	13	0.13	0	0:05:19.220795
93	15	9	0.0628	0	0:04:52.547887
94	15	0	0.124	0	0:05:24.156372
95	15	8	0.13	0	0:05:21.516410
96	16	7	0.13	0	0:05:21.413864
97	16	19	0.0605	0	0:04:37.187797
98	16	7	0.0469	0	0:05:01.998082
99	16	14	0.0311	0	0:05:02.300248
100	16	16	0.0929	1	0:05:20.151922
101	16	16	0.13	1	0:05:10.115628
102	17	12	0.13	0	0:05:08.625648
103	17	-1	0.0	0	0:04:40.142766
104	17	13	0.13	0	0:33:41.264585
105	17	17	0.0776	1	0:05:02.752500
106	17	6	0.13	0	0:05:23.505562
107	17	17	0.0229	1	0:05:21.777070
108	18	7	0.13	0	0:05:24.536443
109	18	19	0.13	0	0:04:46.391737
110	18	18	0.13	1	0:05:12.346305
111	18	14	0.13	0	0:05:02.972991
112	18	5	0.13	0	0:05:23.237360
113	18	5	0.13	0	0:05:19.441282
114	19	7	0.13	0	0:05:27.011778
115	19	19	0.13	1	0:04:56.036078
116	19	19	0.0723	1	0:05:18.735874
117	19	14	0.13	0	0:04:53.747191
118	19	5	0.0549	0	0:05:24.921768
119	19	8	0.13	0	0:05:24.694203
