idx	label	predict	radius	correct	time
0	0	1	0.0279	0	0:05:10.416909
1	0	19	0.0664	0	0:04:37.142613
2	0	13	0.0812	0	0:05:01.419877
3	0	14	0.0147	0	0:04:46.181174
4	0	0	0.086	1	0:05:05.718488
5	0	8	0.0766	0	0:05:03.169158
6	1	1	0.0544	1	0:05:07.545340
7	1	19	0.0791	0	0:04:38.140914
8	1	13	0.1	0	0:05:00.493858
9	1	1	0.0321	1	0:04:46.661906
10	1	0	0.0256	0	0:05:04.727995
11	1	8	0.0203	0	0:05:03.119853
12	2	1	0.0149	0	0:05:07.045639
13	2	19	0.0874	0	0:04:38.665951
14	2	13	0.0748	0	0:05:00.241794
15	2	14	0.017	0	0:04:45.859317
16	2	2	0.0696	1	0:05:04.338270
17	2	8	0.0967	0	0:05:02.015138
18	3	12	0.12	0	0:05:06.375588
19	3	19	0.1	0	0:04:38.328328
20	3	3	0.0613	1	0:04:59.762156
21	3	1	0.00897	0	0:04:45.442164
22	3	12	0.00286	0	0:05:03.793714
23	3	3	0.0801	1	0:05:01.395920
24	4	1	0.0518	0	0:05:07.272661
25	4	19	0.0546	0	0:04:37.235842
26	4	13	0.107	0	0:05:01.272446
27	4	14	0.0045	0	0:04:46.304955
28	4	-1	0.0	0	0:05:05.439275
29	4	8	0.124	0	0:05:03.085450
30	5	7	0.0854	0	0:05:06.893624
31	5	5	0.018	1	0:04:37.592088
32	5	7	0.0217	0	0:05:01.890372
33	5	14	0.0989	0	0:04:46.346758
34	5	5	0.13	1	0:05:04.704098
35	5	5	0.13	1	0:05:02.711071
36	6	1	0.0394	0	0:05:04.152696
37	6	-1	0.0	0	0:04:34.170728
38	6	13	0.0534	0	0:04:57.961590
39	6	6	0.13	1	0:04:42.798048
40	6	6	0.13	1	0:05:02.540835
41	6	0	0.0412	0	0:05:01.210574
42	7	7	0.116	1	0:05:04.791558
43	7	19	0.0608	0	0:04:36.888254
44	7	7	0.111	1	0:04:58.527372
45	7	14	0.0812	0	0:04:45.740167
46	7	5	0.13	0	0:05:03.587256
47	7	5	0.0904	0	0:05:00.724803
48	8	1	0.0201	0	0:05:08.133503
49	8	19	0.0611	0	0:04:37.313087
50	8	13	0.109	0	0:05:00.812960
51	8	9	0.0045	0	0:04:46.733654
52	8	-1	0.0	0	0:05:05.507361
53	8	8	0.124	1	0:05:04.061658
54	9	1	0.0412	0	0:05:08.091969
55	9	19	0.0874	0	0:04:37.264988
56	9	13	0.109	0	0:05:01.254447
57	9	14	0.0107	0	0:04:46.656980
58	9	19	0.0344	0	0:05:05.233936
59	9	8	0.0392	0	0:05:03.369477
60	10	12	0.0715	0	0:05:03.579003
61	10	-1	0.0	0	0:04:37.105822
62	10	10	0.13	1	0:04:58.196207
63	10	12	0.00122	0	0:04:47.767612
64	10	10	0.13	1	0:05:01.349554
65	10	10	0.13	1	0:04:59.360544
66	11	11	0.13	1	0:05:02.163411
67	11	19	0.0497	0	0:04:37.449650
68	11	11	0.13	1	0:04:54.747643
69	11	1	0.0685	0	0:04:46.122948
70	11	11	0.13	1	0:04:59.658953
71	11	11	0.13	1	0:04:57.326921
72	12	12	0.13	1	0:05:05.522655
73	12	19	0.0021	0	0:04:38.930395
74	12	19	0.0474	0	0:05:00.616887
75	12	1	0.0375	0	0:04:47.201518
76	12	12	0.0719	1	0:05:04.253041
77	12	12	0.13	1	0:05:01.846598
78	13	1	0.0246	0	0:05:09.164929
79	13	19	0.0707	0	0:04:37.309576
80	13	13	0.0967	1	0:05:01.961289
81	13	-1	0.0	0	0:04:45.872237
82	13	-1	0.0	0	0:05:05.807370
83	13	8	0.116	0	0:05:02.696672
84	14	7	0.0776	0	0:05:06.106187
85	14	19	0.109	0	0:04:38.554107
86	14	13	0.0667	0	0:05:00.561688
87	14	14	0.0318	1	0:04:45.879122
88	14	5	0.0138	0	0:05:04.300521
89	14	0	0.0192	0	0:05:01.923691
90	15	1	0.015	0	0:05:09.180555
91	15	-1	0.0	0	0:04:37.288319
92	15	13	0.0947	0	0:05:01.290853
93	15	9	0.000971	0	0:04:46.229607
94	15	-1	0.0	0	0:05:05.384269
95	15	8	0.12	0	0:05:03.242065
96	16	7	0.0651	0	0:05:05.594749
97	16	-1	0.0	0	0:04:36.788471
98	16	7	0.00248	0	0:05:00.632810
99	16	-1	0.0	0	0:04:46.160460
100	16	16	0.0854	1	0:05:04.275023
101	16	16	0.0529	1	0:05:02.782546
102	17	12	0.0947	0	0:05:07.764665
103	17	-1	0.0	0	0:04:37.766017
104	17	13	0.0957	0	0:05:01.067685
105	17	17	0.0153	1	0:04:46.065744
106	17	-1	0.0	0	0:05:05.616348
107	17	12	0.0172	0	0:05:03.331037
108	18	7	0.0744	0	0:05:06.516297
109	18	19	0.0529	0	0:04:36.469175
110	18	18	0.0564	1	0:05:00.606400
111	18	14	0.0835	0	0:04:45.939599
112	18	5	0.13	0	0:05:03.961322
113	18	5	0.0989	0	0:05:02.355057
114	19	7	0.0715	0	0:05:09.817485
115	19	19	0.103	1	0:04:38.730397
116	19	13	0.0252	0	0:05:01.491254
117	19	14	0.0405	0	0:04:46.455333
118	19	5	0.00299	0	0:05:06.035984
119	19	8	0.0371	0	0:05:05.055646
